<?xml version="1.0" encoding="utf-8"?>
<COLLADA xmlns="http://www.collada.org/2005/11/COLLADASchema" version="1.4.1">
  <asset><contributor><author>Mixamo</author><authoring_tool>COLLADA Mixamo exporter</authoring_tool><comments></comments></contributor><created>2018-12-08T13:40:15Z</created><modified>2018-12-08T13:40:15Z</modified><revision></revision><title></title><unit meter="0.010000"/><up_axis>Y_UP</up_axis></asset>
  <library_animations>
    <animation id="swat_Hips-anim" name="swat_Hips"><source id="swat_Hips-Matrix-animation-input"><float_array id="swat_Hips-Matrix-animation-input-array" count="61">

0.000000 0.033333 0.066667 0.100000 0.133333 0.166667 0.200000 0.233333 0.266667 0.300000 0.333333 0.366667 0.400000 0.433333 0.466667 0.500000
0.533333 0.566667 0.600000 0.633333 0.666667 0.700000 0.733333 0.766667 0.800000 0.833333 0.866667 0.900000 0.933333 0.966667 1.000000 1.033333
1.066667 1.100000 1.133333 1.166667 1.200000 1.233333 1.266667 1.300000 1.333333 1.366667 1.400000 1.433333 1.466667 1.500000 1.533333 1.566667
1.600000 1.633333 1.666667 1.700000 1.733333 1.766667 1.800000 1.833333 1.866667 1.900000 1.933333 1.966667 2.000000</float_array><technique_common><accessor source="#swat_Hips-Matrix-animation-input-array" count="61"><param name="TIME" type="float"/></accessor></technique_common></source><source id="swat_Hips-Matrix-animation-output-transform"><float_array id="swat_Hips-Matrix-animation-output-transform-array" count="976">

0.949659 0.028137 -0.312020 -0.044319 0.008291 0.993353 0.114812 90.564003 0.313176 -0.111619 0.943113 0.155496 0.000000 0.000000 0.000000 1.000000
0.948934 0.028879 -0.314151 -0.027178 0.007648 0.993403 0.114421 90.543884 0.315383 -0.110981 0.942453 0.173870 0.000000 0.000000 0.000000 1.000000
0.948220 0.029321 -0.316259 -0.000959 0.006900 0.993593 0.112806 90.538002 0.317540 -0.109148 0.941942 0.206547 0.000000 0.000000 0.000000 1.000000
0.947930 0.029485 -0.317111 0.022058 0.006028 0.993866 0.110431 90.552406 0.318422 -0.106592 0.941937 0.260663 0.000000 0.000000 0.000000 1.000000
0.948215 0.029414 -0.316264 0.028767 0.005281 0.994105 0.108291 90.576286 0.317585 -0.104353 0.942470 0.335156 0.000000 0.000000 0.000000 1.000000
0.948886 0.029334 -0.314253 0.019471 0.004751 0.994231 0.107153 90.593452 0.315583 -0.103169 0.943273 0.422871 0.000000 0.000000 0.000000 1.000000
0.949496 0.029709 -0.312368 0.012152 0.004087 0.994252 0.106986 90.593880 0.313751 -0.102860 0.943917 0.516378 0.000000 0.000000 0.000000 1.000000
0.949493 0.030865 -0.312268 0.028754 0.002937 0.994233 0.107200 90.566757 0.313776 -0.102702 0.943926 0.607018 0.000000 0.000000 0.000000 1.000000
0.948565 0.032710 -0.314888 0.076415 0.001337 0.994225 0.107308 90.505959 0.316579 -0.102210 0.943043 0.685152 0.000000 0.000000 0.000000 1.000000
0.946795 0.034939 -0.319935 0.145057 -0.000394 0.994215 0.107409 90.421936 0.321837 -0.101568 0.941331 0.746289 0.000000 0.000000 0.000000 1.000000
0.944313 0.037575 -0.326896 0.218175 -0.002184 0.994153 0.107962 90.338409 0.329041 -0.101236 0.938873 0.797084 0.000000 0.000000 0.000000 1.000000
0.940932 0.041173 -0.336084 0.290422 -0.004784 0.994097 0.108391 90.271210 0.338563 -0.100381 0.935574 0.846751 0.000000 0.000000 0.000000 1.000000
0.936174 0.046221 -0.348485 0.371328 -0.009452 0.994270 0.106482 90.219025 0.351409 -0.096392 0.931246 0.893786 0.000000 0.000000 0.000000 1.000000
0.929846 0.052433 -0.364195 0.470282 -0.016399 0.994717 0.101340 90.173843 0.367584 -0.088259 0.925793 0.928511 0.000000 0.000000 0.000000 1.000000
0.922894 0.058625 -0.380566 0.584465 -0.023426 0.995059 0.096478 90.126343 0.384342 -0.080124 0.919707 0.947736 0.000000 0.000000 0.000000 1.000000
0.917221 0.063618 -0.393267 0.699300 -0.027589 0.994940 0.096604 90.080437 0.397423 -0.077757 0.914335 0.964263 0.000000 0.000000 0.000000 1.000000
0.913584 0.067745 -0.400968 0.812105 -0.029294 0.994428 0.101268 90.033676 0.405594 -0.080770 0.910478 0.998819 0.000000 0.000000 0.000000 1.000000
0.910387 0.072727 -0.407316 0.935543 -0.032589 0.993976 0.104636 89.984924 0.412472 -0.081985 0.907273 1.065685 0.000000 0.000000 0.000000 1.000000
0.906184 0.079287 -0.415385 1.065843 -0.040276 0.993983 0.101863 89.972527 0.420962 -0.075577 0.903924 1.175128 0.000000 0.000000 0.000000 1.000000
0.902177 0.085815 -0.422743 1.183119 -0.050854 0.994337 0.093318 90.044365 0.428357 -0.062692 0.901432 1.338268 0.000000 0.000000 0.000000 1.000000
0.900185 0.090406 -0.426020 1.286682 -0.060809 0.994726 0.082601 90.220161 0.431241 -0.048451 0.900935 1.548565 0.000000 0.000000 0.000000 1.000000
0.899662 0.092477 -0.426681 1.401824 -0.067933 0.995058 0.072425 90.480988 0.431270 -0.036172 0.901497 1.777797 0.000000 0.000000 0.000000 1.000000
0.899228 0.092261 -0.427641 1.538870 -0.072484 0.995419 0.062340 90.790459 0.431434 -0.025061 0.901796 2.009052 0.000000 0.000000 0.000000 1.000000
0.899209 0.090183 -0.428124 1.670426 -0.075689 0.995837 0.050798 91.122658 0.430923 -0.013273 0.902291 2.251651 0.000000 0.000000 0.000000 1.000000
0.900265 0.086654 -0.426631 1.773720 -0.076602 0.996231 0.040704 91.444267 0.428550 -0.003964 0.903510 2.502533 0.000000 0.000000 0.000000 1.000000
0.901702 0.081788 -0.424551 1.858891 -0.071682 0.996635 0.039753 91.699493 0.426374 -0.005413 0.904531 2.725553 0.000000 0.000000 0.000000 1.000000
0.903025 0.075809 -0.422845 1.935491 -0.060120 0.996921 0.050339 91.851692 0.425360 -0.020036 0.904803 2.910087 0.000000 0.000000 0.000000 1.000000
0.905163 0.069441 -0.419355 1.986883 -0.047677 0.996926 0.062173 91.938835 0.422383 -0.036283 0.905691 3.114113 0.000000 0.000000 0.000000 1.000000
0.908224 0.063481 -0.413642 2.006267 -0.040107 0.997082 0.064959 92.032295 0.416558 -0.042407 0.908119 3.381774 0.000000 0.000000 0.000000 1.000000
0.910643 0.058449 -0.409039 2.012293 -0.036598 0.997463 0.061054 92.141106 0.411570 -0.040628 0.910472 3.671834 0.000000 0.000000 0.000000 1.000000
0.911860 0.054035 -0.406930 2.009006 -0.033292 0.997768 0.057890 92.228210 0.409149 -0.039240 0.911623 3.908529 0.000000 0.000000 0.000000 1.000000
0.913335 0.049941 -0.404136 1.973688 -0.029450 0.997953 0.056765 92.276146 0.406144 -0.039943 0.912936 4.059196 0.000000 0.000000 0.000000 1.000000
0.916298 0.046731 -0.397763 1.892101 -0.027113 0.998129 0.054808 92.293053 0.399580 -0.039436 0.915850 4.133639 0.000000 0.000000 0.000000 1.000000
0.920291 0.044806 -0.388661 1.773068 -0.026578 0.998285 0.052152 92.285858 0.390331 -0.037665 0.919904 4.143089 0.000000 0.000000 0.000000 1.000000
0.924353 0.043468 -0.379053 1.626025 -0.025947 0.998351 0.051212 92.252731 0.380654 -0.037503 0.923957 4.093181 0.000000 0.000000 0.000000 1.000000
0.928178 0.041903 -0.369769 1.451595 -0.024173 0.998331 0.052455 92.192238 0.371350 -0.039749 0.927642 3.997365 0.000000 0.000000 0.000000 1.000000
0.931797 0.040109 -0.360756 1.257179 -0.021743 0.998259 0.054825 92.111244 0.362327 -0.043242 0.931047 3.869853 0.000000 0.000000 0.000000 1.000000
0.935126 0.038401 -0.352228 1.061210 -0.019234 0.998145 0.057757 92.020081 0.353792 -0.047235 0.934131 3.713095 0.000000 0.000000 0.000000 1.000000
0.938157 0.036969 -0.344230 0.878386 -0.017058 0.998011 0.060693 91.925797 0.345789 -0.051067 0.936922 3.532163 0.000000 0.000000 0.000000 1.000000
0.941146 0.035796 -0.336100 0.713469 -0.015440 0.997891 0.063045 91.830589 0.337648 -0.054145 0.939714 3.344235 0.000000 0.000000 0.000000 1.000000
0.944283 0.034440 -0.327328 0.569120 -0.013737 0.997768 0.065350 91.731018 0.328848 -0.057212 0.942648 3.161664 0.000000 0.000000 0.000000 1.000000
0.947328 0.032468 -0.318616 0.452535 -0.011114 0.997581 0.068613 91.619202 0.320073 -0.061458 0.945397 2.981892 0.000000 0.000000 0.000000 1.000000
0.949826 0.030268 -0.311309 0.373328 -0.007936 0.997318 0.072756 91.492416 0.312677 -0.066635 0.947519 2.796530 0.000000 0.000000 0.000000 1.000000
0.951531 0.028417 -0.306237 0.330095 -0.005003 0.997021 0.076974 91.362274 0.307512 -0.071711 0.948838 2.602825 0.000000 0.000000 0.000000 1.000000
0.952460 0.026615 -0.303499 0.301748 -0.002121 0.996732 0.080751 91.245903 0.304657 -0.076268 0.949404 2.408477 0.000000 0.000000 0.000000 1.000000
0.952827 0.024577 -0.302516 0.264671 0.000878 0.996489 0.083722 91.151619 0.303512 -0.080038 0.949460 2.226206 0.000000 0.000000 0.000000 1.000000
0.953016 0.022996 -0.302045 0.213357 0.003098 0.996322 0.085628 91.079681 0.302903 -0.082540 0.949440 2.061826 0.000000 0.000000 0.000000 1.000000
0.953341 0.022581 -0.301051 0.156434 0.003849 0.996209 0.086912 91.023636 0.301872 -0.084015 0.949639 1.908741 0.000000 0.000000 0.000000 1.000000
0.953793 0.023157 -0.299572 0.103999 0.003607 0.996071 0.088481 90.971893 0.300444 -0.085473 0.949962 1.758888 0.000000 0.000000 0.000000 1.000000
0.954164 0.024108 -0.298312 0.061965 0.003233 0.995862 0.090820 90.919350 0.299267 -0.087622 0.950138 1.614952 0.000000 0.000000 0.000000 1.000000
0.954264 0.025157 -0.297905 0.031519 0.002988 0.995601 0.093648 90.868896 0.298950 -0.090255 0.949991 1.485672 0.000000 0.000000 0.000000 1.000000
0.954008 0.026390 -0.298616 0.012386 0.002621 0.995345 0.096338 90.821587 0.299768 -0.092690 0.949499 1.372962 0.000000 0.000000 0.000000 1.000000
0.953478 0.027850 -0.300174 0.006075 0.002025 0.995109 0.098758 90.775696 0.301456 -0.094771 0.948758 1.268591 0.000000 0.000000 0.000000 1.000000
0.953170 0.029175 -0.301026 0.020838 0.001320 0.994926 0.100605 90.732719 0.302434 -0.096291 0.948294 1.182578 0.000000 0.000000 0.000000 1.000000
0.952949 0.030439 -0.301598 0.028372 0.000645 0.994740 0.102433 90.700089 0.303129 -0.097808 0.947917 1.102205 0.000000 0.000000 0.000000 1.000000
0.952837 0.031506 -0.301843 0.040375 0.000059 0.994578 0.103998 90.679626 0.303483 -0.099111 0.947668 1.046176 0.000000 0.000000 0.000000 1.000000
0.952780 0.031990 -0.301973 0.054864 -0.000124 0.994476 0.104960 90.658958 0.303662 -0.099966 0.947521 1.010621 0.000000 0.000000 0.000000 1.000000
0.952744 0.032369 -0.302044 0.068922 -0.000278 0.994399 0.105689 90.640114 0.303773 -0.100611 0.947417 0.981724 0.000000 0.000000 0.000000 1.000000
0.952725 0.032629 -0.302075 0.081070 -0.000396 0.994349 0.106156 90.624634 0.303832 -0.101018 0.947355 0.959803 0.000000 0.000000 0.000000 1.000000
0.952718 0.032778 -0.302083 0.089601 -0.000472 0.994323 0.106404 90.614151 0.303855 -0.101231 0.947325 0.945891 0.000000 0.000000 0.000000 1.000000
0.952717 0.032826 -0.302081 0.092822 -0.000498 0.994315 0.106477 90.610291 0.303859 -0.101292 0.947317 0.941024 0.000000 0.000000 0.000000 1.000000</float_array><technique_common><accessor source="#swat_Hips-Matrix-animation-output-transform-array" count="61" stride="16"><param type="float4x4"/></accessor></technique_common></source><source id="swat_Hips-Interpolations"><Name_array id="swat_Hips-Interpolations-array" count="61">
 LINEAR LINEAR LINEAR LINEAR LINEAR LINEAR LINEAR LINEAR LINEAR LINEAR LINEAR
LINEAR LINEAR LINEAR LINEAR LINEAR LINEAR LINEAR LINEAR LINEAR LINEAR LINEAR LINEAR
LINEAR LINEAR LINEAR LINEAR LINEAR LINEAR LINEAR LINEAR LINEAR LINEAR LINEAR LINEAR
LINEAR LINEAR LINEAR LINEAR LINEAR LINEAR LINEAR LINEAR LINEAR LINEAR LINEAR LINEAR
LINEAR LINEAR LINEAR LINEAR LINEAR LINEAR LINEAR LINEAR LINEAR LINEAR LINEAR LINEAR
LINEAR LINEAR</Name_array><technique_common><accessor source="#swat_Hips-Interpolations-array" count="61"><param type="name"/></accessor></technique_common></source><sampler id="swat_Hips-Matrix-animation-transform"><input semantic="INPUT" source="#swat_Hips-Matrix-animation-input"/><input semantic="OUTPUT" source="#swat_Hips-Matrix-animation-output-transform"/><input semantic="INTERPOLATION" source="#swat_Hips-Interpolations"/></sampler><channel source="#swat_Hips-Matrix-animation-transform" target="swat_Hips/matrix"/></animation>
    <animation id="swat_Spine-anim" name="swat_Spine"><source id="swat_Spine-Matrix-animation-input"><float_array id="swat_Spine-Matrix-animation-input-array" count="61">

0.000000 0.033333 0.066667 0.100000 0.133333 0.166667 0.200000 0.233333 0.266667 0.300000 0.333333 0.366667 0.400000 0.433333 0.466667 0.500000
0.533333 0.566667 0.600000 0.633333 0.666667 0.700000 0.733333 0.766667 0.800000 0.833333 0.866667 0.900000 0.933333 0.966667 1.000000 1.033333
1.066667 1.100000 1.133333 1.166667 1.200000 1.233333 1.266667 1.300000 1.333333 1.366667 1.400000 1.433333 1.466667 1.500000 1.533333 1.566667
1.600000 1.633333 1.666667 1.700000 1.733333 1.766667 1.800000 1.833333 1.866667 1.900000 1.933333 1.966667 2.000000</float_array><technique_common><accessor source="#swat_Spine-Matrix-animation-input-array" count="61"><param name="TIME" type="float"/></accessor></technique_common></source><source id="swat_Spine-Matrix-animation-output-transform"><float_array id="swat_Spine-Matrix-animation-output-transform-array" count="976">

0.999966 0.006598 -0.004941 0.000000 -0.006817 0.998929 -0.045767 9.226300 0.004634 0.045799 0.998940 1.577100 0.000000 0.000000 0.000000 1.000000
0.999970 0.006292 -0.004477 0.000000 -0.006488 0.998947 -0.045425 9.226300 0.004186 0.045453 0.998958 1.577100 0.000000 0.000000 0.000000 1.000000
0.999971 0.006134 -0.004511 0.000000 -0.006330 0.998974 -0.044832 9.226300 0.004231 0.044859 0.998984 1.577100 0.000000 0.000000 0.000000 1.000000
0.999963 0.006398 -0.005747 0.000000 -0.006647 0.998991 -0.044416 9.226300 0.005457 0.044452 0.998997 1.577100 0.000000 0.000000 0.000000 1.000000
0.999939 0.007166 -0.008438 0.000000 -0.007536 0.998976 -0.044617 9.226300 0.008109 0.044678 0.998969 1.577100 0.000000 0.000000 0.000000 1.000000
0.999890 0.008274 -0.012319 0.000000 -0.008828 0.998920 -0.045617 9.226300 0.011928 0.045721 0.998883 1.577100 0.000000 0.000000 0.000000 1.000000
0.999812 0.009519 -0.016918 0.000000 -0.010310 0.998827 -0.047305 9.226300 0.016448 0.047470 0.998737 1.577100 0.000000 0.000000 0.000000 1.000000
0.999701 0.010786 -0.021932 -0.000000 -0.011860 0.998706 -0.049457 9.226300 0.021370 0.049703 0.998535 1.577100 0.000000 0.000000 0.000000 1.000000
0.999551 0.011993 -0.027446 -0.000000 -0.013407 0.998559 -0.051956 9.226300 0.026784 0.052301 0.998272 1.577100 0.000000 0.000000 0.000000 1.000000
0.999346 0.013141 -0.033688 -0.000000 -0.014976 0.998385 -0.054805 9.226300 0.032914 0.055273 0.997929 1.577100 0.000000 0.000000 0.000000 1.000000
0.999073 0.014361 -0.040573 -0.000000 -0.016701 0.998181 -0.057937 9.226300 0.039667 0.058561 0.997495 1.577100 0.000000 0.000000 0.000000 1.000000
0.998745 0.015638 -0.047574 0.000000 -0.018532 0.997965 -0.061008 9.226300 0.046523 0.061814 0.997003 1.577100 0.000000 0.000000 0.000000 1.000000
0.998402 0.016661 -0.054007 -0.000000 -0.020079 0.997787 -0.063380 9.226300 0.052831 0.064363 0.996527 1.577100 0.000000 0.000000 0.000000 1.000000
0.998076 0.017281 -0.059538 0.000000 -0.021130 0.997685 -0.064632 9.226300 0.058283 0.065766 0.996131 1.577100 0.000000 0.000000 0.000000 1.000000
0.997755 0.017956 -0.064518 0.000000 -0.022171 0.997624 -0.065230 9.226300 0.063193 0.066514 0.995782 1.577100 0.000000 0.000000 0.000000 1.000000
0.997394 0.019356 -0.069501 -0.000000 -0.023970 0.997520 -0.066173 9.226300 0.068048 0.067666 0.995385 1.577100 0.000000 0.000000 0.000000 1.000000
0.997010 0.021454 -0.074239 -0.000000 -0.026509 0.997347 -0.067797 9.226300 0.072587 0.069562 0.994933 1.577100 0.000000 0.000000 0.000000 1.000000
0.996705 0.023355 -0.077679 0.000000 -0.028776 0.997173 -0.069416 9.226300 0.075838 0.071423 0.994559 1.577100 0.000000 0.000000 0.000000 1.000000
0.996541 0.024293 -0.079467 -0.000000 -0.029913 0.997076 -0.070315 9.226300 0.077527 0.072449 0.994354 1.577100 0.000000 0.000000 0.000000 1.000000
0.996439 0.024503 -0.080677 0.000000 -0.030226 0.997054 -0.070494 9.226300 0.078712 0.072681 0.994244 1.577100 0.000000 0.000000 0.000000 1.000000
0.996300 0.024825 -0.082286 0.000000 -0.030652 0.997054 -0.070317 9.226300 0.080297 0.072579 0.994125 1.577100 0.000000 0.000000 0.000000 1.000000
0.996151 0.025844 -0.083763 0.000000 -0.031743 0.997051 -0.069875 9.226300 0.081710 0.072265 0.994033 1.577100 0.000000 0.000000 0.000000 1.000000
0.996077 0.027282 -0.084183 0.000000 -0.033133 0.997073 -0.068904 9.226300 0.082057 0.071423 0.994065 1.577100 0.000000 0.000000 0.000000 1.000000
0.996090 0.028426 -0.083641 0.000000 -0.034107 0.997150 -0.067296 9.226300 0.081490 0.069885 0.994221 1.577100 0.000000 0.000000 0.000000 1.000000
0.996169 0.029311 -0.082390 0.000000 -0.034775 0.997234 -0.065685 9.226300 0.080237 0.068299 0.994433 1.577100 0.000000 0.000000 0.000000 1.000000
0.996316 0.030975 -0.079968 -0.000000 -0.036238 0.997212 -0.065225 9.226300 0.077725 0.067882 0.994661 1.577100 0.000000 0.000000 0.000000 1.000000
0.996499 0.033796 -0.076463 -0.000000 -0.038893 0.997049 -0.066185 9.226300 0.074001 0.068927 0.994873 1.577100 0.000000 0.000000 0.000000 1.000000
0.996638 0.036603 -0.073295 0.000000 -0.041532 0.996896 -0.066886 9.226300 0.070619 0.069705 0.995065 1.577100 0.000000 0.000000 0.000000 1.000000
0.996720 0.038439 -0.071218 0.000000 -0.043131 0.996916 -0.065553 9.226300 0.068479 0.068410 0.995304 1.577100 0.000000 0.000000 0.000000 1.000000
0.996839 0.039408 -0.068992 0.000000 -0.043741 0.997088 -0.062466 9.226300 0.066329 0.065287 0.995660 1.577100 0.000000 0.000000 0.000000 1.000000
0.997089 0.039630 -0.065142 -0.000000 -0.043489 0.997314 -0.058942 9.226300 0.062631 0.061603 0.996134 1.577100 0.000000 0.000000 0.000000 1.000000
0.997464 0.038610 -0.059790 0.000000 -0.041941 0.997578 -0.055494 9.226300 0.057503 0.057861 0.996667 1.577100 0.000000 0.000000 0.000000 1.000000
0.997892 0.035985 -0.054011 0.000000 -0.038799 0.997894 -0.051983 9.226300 0.052027 0.053969 0.997186 1.577100 0.000000 0.000000 0.000000 1.000000
0.998307 0.032287 -0.048383 0.000000 -0.034643 0.998214 -0.048665 9.226300 0.046725 0.050258 0.997643 1.577100 0.000000 0.000000 0.000000 1.000000
0.998677 0.028442 -0.042832 0.000000 -0.030409 0.998478 -0.046006 9.226300 0.041459 0.047248 0.998022 1.577100 0.000000 0.000000 0.000000 1.000000
0.998994 0.024905 -0.037285 0.000000 -0.026540 0.998678 -0.044019 9.226300 0.036139 0.044964 0.998335 1.577100 0.000000 0.000000 0.000000 1.000000
0.999255 0.021690 -0.031932 0.000000 -0.023038 0.998833 -0.042454 9.226300 0.030974 0.043158 0.998588 1.577100 0.000000 0.000000 0.000000 1.000000
0.999460 0.018729 -0.027008 0.000000 -0.019834 0.998954 -0.041212 9.226300 0.026208 0.041725 0.998785 1.577100 0.000000 0.000000 0.000000 1.000000
0.999617 0.015918 -0.022649 0.000000 -0.016821 0.999049 -0.040225 9.226300 0.021988 0.040590 0.998934 1.577100 0.000000 0.000000 0.000000 1.000000
0.999733 0.013204 -0.018951 0.000000 -0.013943 0.999126 -0.039411 9.226300 0.018414 0.039665 0.999043 1.577100 0.000000 0.000000 0.000000 1.000000
0.999816 0.010763 -0.015886 -0.000000 -0.011374 0.999179 -0.038876 9.226300 0.015454 0.039049 0.999118 1.577100 0.000000 0.000000 0.000000 1.000000
0.999875 0.008766 -0.013178 -0.000000 -0.009271 0.999203 -0.038825 9.226300 0.012827 0.038943 0.999159 1.577100 0.000000 0.000000 0.000000 1.000000
0.999918 0.007139 -0.010643 0.000000 -0.007552 0.999201 -0.039260 9.226300 0.010355 0.039337 0.999172 1.577100 0.000000 0.000000 0.000000 1.000000
0.999947 0.005824 -0.008453 0.000000 -0.006157 0.999183 -0.039944 9.226300 0.008213 0.039994 0.999166 1.577100 0.000000 0.000000 0.000000 1.000000
0.999966 0.004837 -0.006670 0.000000 -0.005104 0.999162 -0.040605 9.226300 0.006468 0.040637 0.999153 1.577100 0.000000 0.000000 0.000000 1.000000
0.999979 0.004066 -0.005026 0.000000 -0.004269 0.999149 -0.041024 9.226300 0.004855 0.041045 0.999146 1.577100 0.000000 0.000000 0.000000 1.000000
0.999989 0.003333 -0.003382 0.000000 -0.003469 0.999148 -0.041123 9.226300 0.003242 0.041134 0.999148 1.577100 0.000000 0.000000 0.000000 1.000000
0.999995 0.002618 -0.001941 0.000000 -0.002695 0.999154 -0.041026 9.226300 0.001832 0.041031 0.999156 1.577100 0.000000 0.000000 0.000000 1.000000
0.999998 0.001975 -0.000923 -0.000000 -0.002011 0.999160 -0.040925 9.226300 0.000841 0.040927 0.999162 1.577100 0.000000 0.000000 0.000000 1.000000
0.999999 0.001368 -0.000346 -0.000000 -0.001381 0.999163 -0.040885 9.226300 0.000290 0.040885 0.999164 1.577100 0.000000 0.000000 0.000000 1.000000
1.000000 0.000757 -0.000040 0.000000 -0.000758 0.999163 -0.040901 9.226300 0.000009 0.040901 0.999163 1.577100 0.000000 0.000000 0.000000 1.000000
1.000000 0.000237 0.000255 0.000000 -0.000226 0.999158 -0.041037 9.226300 -0.000264 0.041037 0.999158 1.577100 0.000000 0.000000 0.000000 1.000000
1.000000 -0.000117 0.000696 0.000000 0.000146 0.999142 -0.041415 9.226300 -0.000690 0.041415 0.999142 1.577100 0.000000 0.000000 0.000000 1.000000
0.999999 -0.000408 0.001181 0.000000 0.000457 0.999113 -0.042113 9.226300 -0.001163 0.042113 0.999112 1.577100 0.000000 0.000000 0.000000 1.000000
0.999999 -0.000831 0.001442 0.000000 0.000893 0.999075 -0.042988 9.226300 -0.001405 0.042989 0.999075 1.577100 0.000000 0.000000 0.000000 1.000000
0.999998 -0.001448 0.001395 -0.000000 0.001508 0.999042 -0.043737 9.226300 -0.001330 0.043739 0.999042 1.577100 0.000000 0.000000 0.000000 1.000000
0.999998 -0.001454 0.001394 -0.000000 0.001513 0.999042 -0.043738 9.226300 -0.001329 0.043740 0.999042 1.577100 0.000000 0.000000 0.000000 1.000000
0.999998 -0.001458 0.001394 -0.000000 0.001518 0.999042 -0.043738 9.226300 -0.001328 0.043740 0.999042 1.577100 0.000000 0.000000 0.000000 1.000000
0.999998 -0.001462 0.001393 0.000000 0.001522 0.999042 -0.043737 9.226300 -0.001328 0.043739 0.999042 1.577100 0.000000 0.000000 0.000000 1.000000
0.999998 -0.001464 0.001393 -0.000000 0.001524 0.999042 -0.043737 9.226300 -0.001327 0.043739 0.999042 1.577100 0.000000 0.000000 0.000000 1.000000
0.999998 -0.001465 0.001393 0.000000 0.001525 0.999042 -0.043738 9.226300 -0.001327 0.043740 0.999042 1.577100 0.000000 0.000000 0.000000 1.000000</float_array><technique_common><accessor source="#swat_Spine-Matrix-animation-output-transform-array" count="61" stride="16"><param type="float4x4"/></accessor></technique_common></source><source id="swat_Spine-Interpolations"><Name_array id="swat_Spine-Interpolations-array" count="61">
 LINEAR LINEAR LINEAR LINEAR LINEAR LINEAR LINEAR LINEAR LINEAR LINEAR LINEAR
LINEAR LINEAR LINEAR LINEAR LINEAR LINEAR LINEAR LINEAR LINEAR LINEAR LINEAR LINEAR
LINEAR LINEAR LINEAR LINEAR LINEAR LINEAR LINEAR LINEAR LINEAR LINEAR LINEAR LINEAR
LINEAR LINEAR LINEAR LINEAR LINEAR LINEAR LINEAR LINEAR LINEAR LINEAR LINEAR LINEAR
LINEAR LINEAR LINEAR LINEAR LINEAR LINEAR LINEAR LINEAR LINEAR LINEAR LINEAR LINEAR
LINEAR LINEAR</Name_array><technique_common><accessor source="#swat_Spine-Interpolations-array" count="61"><param type="name"/></accessor></technique_common></source><sampler id="swat_Spine-Matrix-animation-transform"><input semantic="INPUT" source="#swat_Spine-Matrix-animation-input"/><input semantic="OUTPUT" source="#swat_Spine-Matrix-animation-output-transform"/><input semantic="INTERPOLATION" source="#swat_Spine-Interpolations"/></sampler><channel source="#swat_Spine-Matrix-animation-transform" target="swat_Spine/matrix"/></animation>
    <animation id="swat_Spine1-anim" name="swat_Spine1"><source id="swat_Spine1-Matrix-animation-input"><float_array id="swat_Spine1-Matrix-animation-input-array" count="61">

0.000000 0.033333 0.066667 0.100000 0.133333 0.166667 0.200000 0.233333 0.266667 0.300000 0.333333 0.366667 0.400000 0.433333 0.466667 0.500000
0.533333 0.566667 0.600000 0.633333 0.666667 0.700000 0.733333 0.766667 0.800000 0.833333 0.866667 0.900000 0.933333 0.966667 1.000000 1.033333
1.066667 1.100000 1.133333 1.166667 1.200000 1.233333 1.266667 1.300000 1.333333 1.366667 1.400000 1.433333 1.466667 1.500000 1.533333 1.566667
1.600000 1.633333 1.666667 1.700000 1.733333 1.766667 1.800000 1.833333 1.866667 1.900000 1.933333 1.966667 2.000000</float_array><technique_common><accessor source="#swat_Spine1-Matrix-animation-input-array" count="61"><param name="TIME" type="float"/></accessor></technique_common></source><source id="swat_Spine1-Matrix-animation-output-transform"><float_array id="swat_Spine1-Matrix-animation-output-transform-array" count="976">

0.999873 0.012116 -0.010307 0.000000 -0.013008 0.995728 -0.091409 16.254000 0.009156 0.091531 0.995760 -0.165600 0.000000 0.000000 0.000000 1.000000
0.999889 0.011553 -0.009362 0.000000 -0.012355 0.995799 -0.090731 16.254000 0.008275 0.090837 0.995831 -0.165600 0.000000 0.000000 0.000000 1.000000
0.999892 0.011270 -0.009418 0.000000 -0.012069 0.995909 -0.089549 16.254000 0.008370 0.089653 0.995938 -0.165600 0.000000 0.000000 0.000000 1.000000
0.999860 0.011787 -0.011894 -0.000000 -0.012797 0.995975 -0.088709 16.254000 0.010800 0.088849 0.995987 -0.165600 0.000000 0.000000 0.000000 1.000000
0.999763 0.013241 -0.017303 0.000000 -0.014732 0.995915 -0.089088 16.254000 0.016053 0.089322 0.995873 -0.165600 0.000000 0.000000 0.000000 1.000000
0.999567 0.015303 -0.025113 0.000000 -0.017531 0.995693 -0.091037 16.254000 0.023612 0.091438 0.995531 -0.165600 0.000000 0.000000 0.000000 1.000000
0.999254 0.017593 -0.034369 -0.000000 -0.020768 0.995324 -0.094335 16.254000 0.032549 0.094979 0.994947 -0.165600 0.000000 0.000000 0.000000 1.000000
0.998813 0.019900 -0.044459 0.000000 -0.024206 0.994839 -0.098535 16.254000 0.042269 0.099495 0.994140 -0.165600 0.000000 0.000000 0.000000 1.000000
0.998213 0.022042 -0.055548 0.000000 -0.027708 0.994254 -0.103399 16.254000 0.052950 0.104753 0.993088 -0.165600 0.000000 0.000000 0.000000 1.000000
0.997391 0.023983 -0.068092 -0.000000 -0.031327 0.993557 -0.108922 16.254000 0.065041 0.110771 0.991715 -0.165600 0.000000 0.000000 0.000000 1.000000
0.996300 0.025975 -0.081921 0.000000 -0.035335 0.992741 -0.114964 16.254000 0.078340 0.117434 0.989986 -0.165600 0.000000 0.000000 0.000000 1.000000
0.994988 0.028058 -0.095978 0.000000 -0.039627 0.991880 -0.120843 16.254000 0.091808 0.124041 0.988021 -0.165600 0.000000 0.000000 0.000000 1.000000
0.993611 0.029760 -0.108867 0.000000 -0.043417 0.991166 -0.125316 16.254000 0.104176 0.129242 0.986126 -0.165600 0.000000 0.000000 0.000000 1.000000
0.992305 0.030860 -0.119910 0.000000 -0.046228 0.990750 -0.127580 16.254000 0.114864 0.132142 0.984553 -0.165600 0.000000 0.000000 0.000000 1.000000
0.991013 0.032136 -0.129849 -0.000000 -0.048962 0.990495 -0.128539 16.254000 0.124484 0.133742 0.983167 -0.165600 0.000000 0.000000 0.000000 1.000000
0.989566 0.034688 -0.139843 -0.000000 -0.053096 0.990074 -0.130128 16.254000 0.133941 0.136196 0.981586 -0.165600 0.000000 0.000000 0.000000 1.000000
0.988029 0.038467 -0.149395 0.000000 -0.058631 0.989379 -0.133007 16.254000 0.142692 0.140174 0.979791 -0.165600 0.000000 0.000000 0.000000 1.000000
0.986806 0.042022 -0.156357 0.000000 -0.063635 0.988676 -0.135905 16.254000 0.148876 0.144062 0.978306 -0.165600 0.000000 0.000000 0.000000 1.000000
0.986138 0.044061 -0.159968 0.000000 -0.066458 0.988272 -0.137485 16.254000 0.152034 0.146210 0.977501 -0.165600 0.000000 0.000000 0.000000 1.000000
0.985706 0.044916 -0.162375 -0.000000 -0.067712 0.988157 -0.137701 16.254000 0.154267 0.146728 0.977073 -0.165600 0.000000 0.000000 0.000000 1.000000
0.985121 0.046063 -0.165573 0.000000 -0.069259 0.988122 -0.137177 16.254000 0.157288 0.146604 0.976610 -0.165600 0.000000 0.000000 0.000000 1.000000
0.984499 0.048463 -0.168564 0.000000 -0.071941 0.988081 -0.136090 16.254000 0.159959 0.146107 0.976251 -0.165600 0.000000 0.000000 0.000000 1.000000
0.984178 0.051630 -0.169494 -0.000000 -0.074915 0.988146 -0.133994 16.254000 0.160567 0.144572 0.976380 -0.165600 0.000000 0.000000 0.000000 1.000000
0.984210 0.054233 -0.168492 -0.000000 -0.076846 0.988436 -0.130727 16.254000 0.159453 0.141611 0.976996 -0.165600 0.000000 0.000000 0.000000 1.000000
0.984512 0.056210 -0.166064 0.000000 -0.077964 0.988765 -0.127533 16.254000 0.157030 0.138505 0.977833 -0.165600 0.000000 0.000000 0.000000 1.000000
0.985108 0.059323 -0.161377 -0.000000 -0.080287 0.988692 -0.126657 16.254000 0.152038 0.137728 0.978732 -0.165600 0.000000 0.000000 0.000000 1.000000
0.985872 0.064380 -0.154633 0.000000 -0.084693 0.988074 -0.128596 16.254000 0.144510 0.139875 0.979567 -0.165600 0.000000 0.000000 0.000000 1.000000
0.986461 0.069477 -0.148549 0.000000 -0.089128 0.987499 -0.130009 16.254000 0.137659 0.141489 0.980322 -0.165600 0.000000 0.000000 0.000000 1.000000
0.986808 0.072988 -0.144505 0.000000 -0.091702 0.987604 -0.127390 16.254000 0.133416 0.138961 0.981270 -0.165600 0.000000 0.000000 0.000000 1.000000
0.987292 0.075117 -0.140044 -0.000000 -0.092407 0.988299 -0.121349 16.254000 0.129290 0.132748 0.982681 -0.165600 0.000000 0.000000 0.000000 1.000000
0.988300 0.075892 -0.132297 -0.000000 -0.091299 0.989210 -0.114576 16.254000 0.122175 0.125314 0.984566 -0.165600 0.000000 0.000000 0.000000 1.000000
0.989812 0.074239 -0.121496 0.000000 -0.087542 0.990278 -0.108097 16.254000 0.112290 0.117632 0.986688 -0.165600 0.000000 0.000000 0.000000 1.000000
0.991529 0.069471 -0.109746 0.000000 -0.080714 0.991549 -0.101565 16.254000 0.101763 0.109563 0.988757 -0.165600 0.000000 0.000000 0.000000 1.000000
0.993191 0.062605 -0.098249 0.000000 -0.072020 0.992830 -0.095407 16.254000 0.091571 0.101833 0.990578 -0.165600 0.000000 0.000000 0.000000 1.000000
0.994675 0.055364 -0.086925 -0.000000 -0.063230 0.993886 -0.090510 16.254000 0.081383 0.095524 0.992095 -0.165600 0.000000 0.000000 0.000000 1.000000
0.995948 0.048622 -0.075650 0.000000 -0.055160 0.994690 -0.086884 16.254000 0.071023 0.090705 0.993342 -0.165600 0.000000 0.000000 0.000000 1.000000
0.996996 0.042437 -0.064790 -0.000000 -0.047827 0.995314 -0.084039 16.254000 0.060920 0.086886 0.994354 -0.165600 0.000000 0.000000 0.000000 1.000000
0.997822 0.036702 -0.054809 0.000000 -0.041120 0.995802 -0.081778 16.254000 0.051578 0.083854 0.995142 -0.165600 0.000000 0.000000 0.000000 1.000000
0.998455 0.031230 -0.045970 0.000000 -0.034841 0.996188 -0.079975 16.254000 0.043297 0.081453 0.995736 -0.165600 0.000000 0.000000 0.000000 1.000000
0.998924 0.025933 -0.038456 0.000000 -0.028892 0.996497 -0.078477 16.254000 0.036286 0.079503 0.996174 -0.165600 0.000000 0.000000 0.000000 1.000000
0.999257 0.021146 -0.032224 0.000000 -0.023592 0.996713 -0.077498 16.254000 0.030479 0.078201 0.996472 -0.165600 0.000000 0.000000 0.000000 1.000000
0.999495 0.017171 -0.026734 0.000000 -0.019197 0.996811 -0.077462 16.254000 0.025318 0.077936 0.996637 -0.165600 0.000000 0.000000 0.000000 1.000000
0.999670 0.013883 -0.021611 -0.000000 -0.015538 0.996803 -0.078374 16.254000 0.020454 0.078684 0.996690 -0.165600 0.000000 0.000000 0.000000 1.000000
0.999789 0.011202 -0.017191 0.000000 -0.012540 0.996734 -0.079772 16.254000 0.016241 0.079971 0.996665 -0.165600 0.000000 0.000000 0.000000 1.000000
0.999866 0.009159 -0.013601 -0.000000 -0.010233 0.996653 -0.081109 16.254000 0.012812 0.081237 0.996612 -0.165600 0.000000 0.000000 0.000000 1.000000
0.999919 0.007530 -0.010296 -0.000000 -0.008348 0.996601 -0.081959 16.254000 0.009643 0.082039 0.996583 -0.165600 0.000000 0.000000 0.000000 1.000000
0.999957 0.006016 -0.006988 0.000000 -0.006570 0.996597 -0.082166 16.254000 0.006470 0.082209 0.996594 -0.165600 0.000000 0.000000 0.000000 1.000000
0.999981 0.004609 -0.004081 0.000000 -0.004928 0.996622 -0.081979 16.254000 0.003689 0.081998 0.996626 -0.165600 0.000000 0.000000 0.000000 1.000000
0.999992 0.003384 -0.002016 0.000000 -0.003538 0.996644 -0.081780 16.254000 0.001732 0.081787 0.996648 -0.165600 0.000000 0.000000 0.000000 1.000000
0.999997 0.002214 -0.000835 -0.000000 -0.002275 0.996654 -0.081701 16.254000 0.000651 0.081703 0.996657 -0.165600 0.000000 0.000000 0.000000 1.000000
0.999999 0.001012 -0.000199 0.000000 -0.001025 0.996654 -0.081734 16.254000 0.000115 0.081734 0.996654 -0.165600 0.000000 0.000000 0.000000 1.000000
1.000000 -0.000008 0.000413 -0.000000 0.000042 0.996632 -0.082005 16.254000 -0.000411 0.082005 0.996632 -0.165600 0.000000 0.000000 0.000000 1.000000
0.999999 -0.000677 0.001309 0.000000 0.000783 0.996569 -0.082758 16.254000 -0.001249 0.082759 0.996569 -0.165600 0.000000 0.000000 0.000000 1.000000
0.999997 -0.001201 0.002295 -0.000000 0.001390 0.996452 -0.084149 16.254000 -0.002185 0.084152 0.996451 -0.165600 0.000000 0.000000 0.000000 1.000000
0.999994 -0.002001 0.002838 0.000000 0.002238 0.996302 -0.085894 16.254000 -0.002655 0.085900 0.996300 -0.165600 0.000000 0.000000 0.000000 1.000000
0.999991 -0.003206 0.002774 -0.000000 0.003436 0.996168 -0.087388 16.254000 -0.002483 0.087397 0.996170 -0.165600 0.000000 0.000000 0.000000 1.000000
0.999991 -0.003207 0.002774 -0.000000 0.003437 0.996168 -0.087388 16.254000 -0.002483 0.087397 0.996170 -0.165600 0.000000 0.000000 0.000000 1.000000
0.999991 -0.003207 0.002774 -0.000000 0.003437 0.996168 -0.087389 16.254000 -0.002483 0.087398 0.996170 -0.165600 0.000000 0.000000 0.000000 1.000000
0.999991 -0.003207 0.002774 0.000000 0.003438 0.996168 -0.087388 16.254000 -0.002483 0.087397 0.996170 -0.165600 0.000000 0.000000 0.000000 1.000000
0.999991 -0.003207 0.002774 0.000000 0.003438 0.996168 -0.087388 16.254000 -0.002483 0.087397 0.996170 -0.165600 0.000000 0.000000 0.000000 1.000000
0.999991 -0.003207 0.002774 -0.000000 0.003438 0.996168 -0.087389 16.254000 -0.002483 0.087398 0.996170 -0.165600 0.000000 0.000000 0.000000 1.000000</float_array><technique_common><accessor source="#swat_Spine1-Matrix-animation-output-transform-array" count="61" stride="16"><param type="float4x4"/></accessor></technique_common></source><source id="swat_Spine1-Interpolations"><Name_array id="swat_Spine1-Interpolations-array" count="61">
 LINEAR LINEAR LINEAR LINEAR LINEAR LINEAR LINEAR LINEAR LINEAR LINEAR LINEAR
LINEAR LINEAR LINEAR LINEAR LINEAR LINEAR LINEAR LINEAR LINEAR LINEAR LINEAR LINEAR
LINEAR LINEAR LINEAR LINEAR LINEAR LINEAR LINEAR LINEAR LINEAR LINEAR LINEAR LINEAR
LINEAR LINEAR LINEAR LINEAR LINEAR LINEAR LINEAR LINEAR LINEAR LINEAR LINEAR LINEAR
LINEAR LINEAR LINEAR LINEAR LINEAR LINEAR LINEAR LINEAR LINEAR LINEAR LINEAR LINEAR
LINEAR LINEAR</Name_array><technique_common><accessor source="#swat_Spine1-Interpolations-array" count="61"><param type="name"/></accessor></technique_common></source><sampler id="swat_Spine1-Matrix-animation-transform"><input semantic="INPUT" source="#swat_Spine1-Matrix-animation-input"/><input semantic="OUTPUT" source="#swat_Spine1-Matrix-animation-output-transform"/><input semantic="INTERPOLATION" source="#swat_Spine1-Interpolations"/></sampler><channel source="#swat_Spine1-Matrix-animation-transform" target="swat_Spine1/matrix"/></animation>
    <animation id="swat_Spine2-anim" name="swat_Spine2"><source id="swat_Spine2-Matrix-animation-input"><float_array id="swat_Spine2-Matrix-animation-input-array" count="61">

0.000000 0.033333 0.066667 0.100000 0.133333 0.166667 0.200000 0.233333 0.266667 0.300000 0.333333 0.366667 0.400000 0.433333 0.466667 0.500000
0.533333 0.566667 0.600000 0.633333 0.666667 0.700000 0.733333 0.766667 0.800000 0.833333 0.866667 0.900000 0.933333 0.966667 1.000000 1.033333
1.066667 1.100000 1.133333 1.166667 1.200000 1.233333 1.266667 1.300000 1.333333 1.366667 1.400000 1.433333 1.466667 1.500000 1.533333 1.566667
1.600000 1.633333 1.666667 1.700000 1.733333 1.766667 1.800000 1.833333 1.866667 1.900000 1.933333 1.966667 2.000000</float_array><technique_common><accessor source="#swat_Spine2-Matrix-animation-input-array" count="61"><param name="TIME" type="float"/></accessor></technique_common></source><source id="swat_Spine2-Matrix-animation-output-transform"><float_array id="swat_Spine2-Matrix-animation-output-transform-array" count="976">

0.999873 0.012116 -0.010307 0.000000 -0.013008 0.995728 -0.091409 13.639600 0.009156 0.091531 0.995760 -1.292300 0.000000 0.000000 0.000000 1.000000
0.999889 0.011553 -0.009363 0.000000 -0.012355 0.995799 -0.090731 13.639600 0.008275 0.090837 0.995831 -1.292300 0.000000 0.000000 0.000000 1.000000
0.999892 0.011270 -0.009418 -0.000000 -0.012069 0.995909 -0.089549 13.639600 0.008370 0.089653 0.995938 -1.292300 0.000000 0.000000 0.000000 1.000000
0.999860 0.011787 -0.011894 0.000000 -0.012797 0.995975 -0.088709 13.639600 0.010800 0.088849 0.995987 -1.292300 0.000000 0.000000 0.000000 1.000000
0.999763 0.013241 -0.017303 -0.000000 -0.014732 0.995915 -0.089088 13.639600 0.016053 0.089322 0.995873 -1.292300 0.000000 0.000000 0.000000 1.000000
0.999567 0.015303 -0.025113 0.000000 -0.017531 0.995693 -0.091037 13.639600 0.023612 0.091438 0.995531 -1.292300 0.000000 0.000000 0.000000 1.000000
0.999254 0.017593 -0.034369 0.000000 -0.020768 0.995324 -0.094335 13.639600 0.032549 0.094979 0.994947 -1.292300 0.000000 0.000000 0.000000 1.000000
0.998813 0.019900 -0.044459 0.000000 -0.024206 0.994839 -0.098535 13.639600 0.042269 0.099495 0.994140 -1.292300 0.000000 0.000000 0.000000 1.000000
0.998213 0.022042 -0.055548 -0.000000 -0.027708 0.994254 -0.103399 13.639600 0.052950 0.104753 0.993088 -1.292300 0.000000 0.000000 0.000000 1.000000
0.997391 0.023983 -0.068092 -0.000000 -0.031327 0.993557 -0.108922 13.639600 0.065041 0.110771 0.991715 -1.292300 0.000000 0.000000 0.000000 1.000000
0.996300 0.025975 -0.081921 0.000000 -0.035335 0.992741 -0.114964 13.639600 0.078340 0.117434 0.989986 -1.292300 0.000000 0.000000 0.000000 1.000000
0.994988 0.028058 -0.095978 -0.000000 -0.039627 0.991880 -0.120843 13.639600 0.091808 0.124041 0.988021 -1.292300 0.000000 0.000000 0.000000 1.000000
0.993611 0.029760 -0.108867 0.000000 -0.043417 0.991166 -0.125316 13.639600 0.104176 0.129242 0.986126 -1.292300 0.000000 0.000000 0.000000 1.000000
0.992305 0.030860 -0.119911 -0.000000 -0.046228 0.990750 -0.127580 13.639600 0.114864 0.132142 0.984553 -1.292300 0.000000 0.000000 0.000000 1.000000
0.991013 0.032136 -0.129848 0.000000 -0.048962 0.990495 -0.128539 13.639600 0.124483 0.133742 0.983167 -1.292300 0.000000 0.000000 0.000000 1.000000
0.989566 0.034688 -0.139843 0.000000 -0.053096 0.990074 -0.130128 13.639600 0.133941 0.136196 0.981586 -1.292300 0.000000 0.000000 0.000000 1.000000
0.988029 0.038467 -0.149395 0.000000 -0.058631 0.989379 -0.133007 13.639600 0.142692 0.140174 0.979791 -1.292300 0.000000 0.000000 0.000000 1.000000
0.986806 0.042022 -0.156357 -0.000000 -0.063635 0.988676 -0.135905 13.639600 0.148875 0.144062 0.978306 -1.292300 0.000000 0.000000 0.000000 1.000000
0.986138 0.044061 -0.159968 -0.000000 -0.066458 0.988272 -0.137485 13.639600 0.152035 0.146210 0.977501 -1.292300 0.000000 0.000000 0.000000 1.000000
0.985706 0.044916 -0.162375 0.000000 -0.067712 0.988157 -0.137701 13.639600 0.154267 0.146728 0.977073 -1.292300 0.000000 0.000000 0.000000 1.000000
0.985121 0.046063 -0.165573 0.000000 -0.069259 0.988122 -0.137178 13.639600 0.157288 0.146604 0.976610 -1.292300 0.000000 0.000000 0.000000 1.000000
0.984499 0.048463 -0.168564 -0.000000 -0.071941 0.988081 -0.136090 13.639600 0.159959 0.146107 0.976251 -1.292300 0.000000 0.000000 0.000000 1.000000
0.984178 0.051630 -0.169494 0.000000 -0.074915 0.988146 -0.133995 13.639600 0.160567 0.144572 0.976380 -1.292300 0.000000 0.000000 0.000000 1.000000
0.984210 0.054233 -0.168492 -0.000000 -0.076846 0.988436 -0.130727 13.639600 0.159454 0.141611 0.976996 -1.292300 0.000000 0.000000 0.000000 1.000000
0.984512 0.056210 -0.166064 0.000000 -0.077964 0.988765 -0.127533 13.639600 0.157030 0.138505 0.977833 -1.292300 0.000000 0.000000 0.000000 1.000000
0.985108 0.059323 -0.161376 -0.000000 -0.080287 0.988692 -0.126657 13.639600 0.152038 0.137728 0.978732 -1.292300 0.000000 0.000000 0.000000 1.000000
0.985872 0.064380 -0.154633 -0.000000 -0.084693 0.988074 -0.128596 13.639600 0.144510 0.139875 0.979567 -1.292300 0.000000 0.000000 0.000000 1.000000
0.986461 0.069477 -0.148548 -0.000000 -0.089128 0.987499 -0.130009 13.639600 0.137659 0.141489 0.980322 -1.292300 0.000000 0.000000 0.000000 1.000000
0.986808 0.072988 -0.144505 -0.000000 -0.091702 0.987604 -0.127390 13.639600 0.133416 0.138961 0.981270 -1.292300 0.000000 0.000000 0.000000 1.000000
0.987292 0.075117 -0.140045 0.000000 -0.092407 0.988299 -0.121350 13.639600 0.129291 0.132748 0.982681 -1.292300 0.000000 0.000000 0.000000 1.000000
