<?xml version="1.0" encoding="utf-8"?>
<COLLADA xmlns="http://www.collada.org/2005/11/COLLADASchema" version="1.4.1">
  <asset><contributor><author>Mixamo</author><authoring_tool>COLLADA Mixamo exporter</authoring_tool><comments></comments></contributor><created>2018-12-07T14:48:27Z</created><modified>2018-12-07T14:48:27Z</modified><revision></revision><title></title><unit meter="0.010000"/><up_axis>Y_UP</up_axis></asset>
  <library_animations>
    <animation id="swat_Hips-anim" name="swat_Hips"><source id="swat_Hips-Matrix-animation-input"><float_array id="swat_Hips-Matrix-animation-input-array" count="60">

0.000000 0.033333 0.066667 0.100000 0.133333 0.166667 0.200000 0.233333 0.266667 0.300000 0.333333 0.366667 0.400000 0.433333 0.466667 0.500000
0.533333 0.566667 0.600000 0.633333 0.666667 0.700000 0.733333 0.766667 0.800000 0.833333 0.866667 0.900000 0.933333 0.966667 1.000000 1.033333
1.066667 1.100000 1.133333 1.166667 1.200000 1.233333 1.266667 1.300000 1.333333 1.366667 1.400000 1.433333 1.466667 1.500000 1.533333 1.566667
1.600000 1.633333 1.666667 1.700000 1.733333 1.766667 1.800000 1.833333 1.866667 1.900000 1.933333 1.966667</float_array><technique_common><accessor source="#swat_Hips-Matrix-animation-input-array" count="60"><param name="TIME" type="float"/></accessor></technique_common></source><source id="swat_Hips-Matrix-animation-output-transform"><float_array id="swat_Hips-Matrix-animation-output-transform-array" count="960">

0.730075 0.051142 -0.681451 0.070091 0.002562 0.996984 0.077567 89.488655 0.683362 -0.058376 0.727742 -0.877993 0.000000 0.000000 0.000000 1.000000
0.729775 0.051388 -0.681754 0.081486 0.002563 0.996959 0.077891 89.497345 0.683683 -0.058590 0.727423 -0.887689 0.000000 0.000000 0.000000 1.000000
0.729561 0.051600 -0.681966 0.094215 0.002564 0.996936 0.078174 89.506432 0.683911 -0.058781 0.727194 -0.893251 0.000000 0.000000 0.000000 1.000000
0.729561 0.051945 -0.681940 0.106174 0.002408 0.996910 0.078513 89.516571 0.683911 -0.058922 0.727182 -0.891887 0.000000 0.000000 0.000000 1.000000
0.729842 0.052317 -0.681611 0.115114 0.002202 0.996882 0.078873 89.527962 0.683612 -0.059065 0.727452 -0.880910 0.000000 0.000000 0.000000 1.000000
0.730344 0.052708 -0.681043 0.119562 0.002045 0.996845 0.079342 89.540199 0.683077 -0.059339 0.727932 -0.859401 0.000000 0.000000 0.000000 1.000000
0.730910 0.053112 -0.680404 0.119923 0.002006 0.996796 0.079965 89.553650 0.682470 -0.059812 0.728462 -0.828576 0.000000 0.000000 0.000000 1.000000
0.731381 0.053526 -0.679865 0.117859 0.002042 0.996739 0.080670 89.570610 0.681966 -0.060389 0.728887 -0.790463 0.000000 0.000000 0.000000 1.000000
0.731659 0.053835 -0.679542 0.115287 0.002116 0.996692 0.081238 89.593086 0.681668 -0.060877 0.729125 -0.746439 0.000000 0.000000 0.000000 1.000000
0.731724 0.054018 -0.679457 0.114274 0.002174 0.996665 0.081578 89.619987 0.681598 -0.061170 0.729166 -0.697367 0.000000 0.000000 0.000000 1.000000
0.731604 0.054154 -0.679576 0.117527 0.002213 0.996646 0.081803 89.646660 0.681727 -0.061351 0.729030 -0.644789 0.000000 0.000000 0.000000 1.000000
0.731385 0.054372 -0.679794 0.127060 0.002256 0.996618 0.082140 89.667603 0.681961 -0.061609 0.728789 -0.591392 0.000000 0.000000 0.000000 1.000000
0.731256 0.054704 -0.679906 0.141421 0.002348 0.996571 0.082709 89.680542 0.682099 -0.062078 0.728620 -0.539678 0.000000 0.000000 0.000000 1.000000
0.731439 0.055097 -0.679677 0.155134 0.002490 0.996508 0.083461 89.688965 0.681902 -0.062739 0.728748 -0.490281 0.000000 0.000000 0.000000 1.000000
0.731972 0.055556 -0.679065 0.162410 0.002564 0.996438 0.084285 89.700256 0.681329 -0.063435 0.729223 -0.442663 0.000000 0.000000 0.000000 1.000000
0.732572 0.056000 -0.678382 0.162592 0.002518 0.996380 0.084970 89.720268 0.680685 -0.063955 0.729780 -0.397140 0.000000 0.000000 0.000000 1.000000
0.732842 0.056374 -0.678059 0.160020 0.002342 0.996347 0.085368 89.749237 0.680395 -0.064149 0.730033 -0.355268 0.000000 0.000000 0.000000 1.000000
0.732622 0.056632 -0.678276 0.159330 0.002111 0.996339 0.085469 89.781868 0.680633 -0.064048 0.729820 -0.317829 0.000000 0.000000 0.000000 1.000000
0.732121 0.056814 -0.678801 0.161421 0.001897 0.996342 0.085437 89.811584 0.681172 -0.063838 0.729335 -0.283308 0.000000 0.000000 0.000000 1.000000
0.731705 0.056985 -0.679235 0.164173 0.001743 0.996339 0.085467 89.834320 0.681619 -0.063720 0.728928 -0.248366 0.000000 0.000000 0.000000 1.000000
0.731592 0.057097 -0.679348 0.165306 0.001698 0.996331 0.085567 89.850166 0.681741 -0.063754 0.728810 -0.209944 0.000000 0.000000 0.000000 1.000000
0.731749 0.057202 -0.679169 0.163669 0.001710 0.996315 0.085755 89.862297 0.681572 -0.063912 0.728955 -0.166765 0.000000 0.000000 0.000000 1.000000
0.732028 0.057281 -0.678862 0.159719 0.001757 0.996297 0.085960 89.874062 0.681272 -0.064118 0.729217 -0.120034 0.000000 0.000000 0.000000 1.000000
0.732284 0.057273 -0.678587 0.154696 0.001862 0.996285 0.086096 89.886688 0.680997 -0.064310 0.729457 -0.072914 0.000000 0.000000 0.000000 1.000000
0.732410 0.057210 -0.678456 0.149736 0.001982 0.996280 0.086150 89.898773 0.680861 -0.064442 0.729573 -0.029754 0.000000 0.000000 0.000000 1.000000
0.732362 0.057094 -0.678518 0.145706 0.002091 0.996285 0.086089 89.908379 0.680913 -0.064467 0.729522 0.004961 0.000000 0.000000 0.000000 1.000000
0.732149 0.056982 -0.678757 0.142309 0.002129 0.996298 0.085935 89.915077 0.681141 -0.064362 0.729317 0.028241 0.000000 0.000000 0.000000 1.000000
0.731888 0.056835 -0.679051 0.138555 0.002115 0.996321 0.085669 89.919968 0.681422 -0.064136 0.729076 0.039910 0.000000 0.000000 0.000000 1.000000
0.731686 0.056687 -0.679281 0.133794 0.002045 0.996349 0.085349 89.923248 0.681639 -0.063838 0.728898 0.041804 0.000000 0.000000 0.000000 1.000000
0.731554 0.056598 -0.679430 0.128652 0.001921 0.996373 0.085068 89.922325 0.681781 -0.063537 0.728792 0.035575 0.000000 0.000000 0.000000 1.000000
0.731472 0.056506 -0.679526 0.124853 0.001840 0.996393 0.084836 89.913025 0.681869 -0.063306 0.728730 0.021646 0.000000 0.000000 0.000000 1.000000
0.731472 0.056454 -0.679530 0.122891 0.001808 0.996403 0.084725 89.893700 0.681869 -0.063203 0.728739 0.000273 0.000000 0.000000 0.000000 1.000000
0.731632 0.056478 -0.679356 0.121427 0.001782 0.996400 0.084754 89.868279 0.681697 -0.063219 0.728898 -0.027427 0.000000 0.000000 0.000000 1.000000
0.731938 0.056549 -0.679020 0.118279 0.001723 0.996393 0.084836 89.844925 0.681369 -0.063264 0.729201 -0.059467 0.000000 0.000000 0.000000 1.000000
0.732241 0.056633 -0.678686 0.112174 0.001606 0.996390 0.084877 89.830933 0.681043 -0.063241 0.729507 -0.093799 0.000000 0.000000 0.000000 1.000000
0.732333 0.056495 -0.678599 0.104887 0.001550 0.996412 0.084626 89.827354 0.680945 -0.063026 0.729617 -0.129750 0.000000 0.000000 0.000000 1.000000
0.732117 0.056188 -0.678857 0.099491 0.001549 0.996452 0.084146 89.827393 0.681177 -0.062656 0.729433 -0.168090 0.000000 0.000000 0.000000 1.000000
0.731724 0.055873 -0.679308 0.097847 0.001572 0.996494 0.083654 89.820641 0.681600 -0.062280 0.729070 -0.209420 0.000000 0.000000 0.000000 1.000000
0.731438 0.055650 -0.679634 0.098341 0.001614 0.996520 0.083335 89.800865 0.681906 -0.062051 0.728803 -0.252119 0.000000 0.000000 0.000000 1.000000
0.731455 0.055513 -0.679627 0.097358 0.001672 0.996532 0.083198 89.770584 0.681888 -0.061992 0.728825 -0.292661 0.000000 0.000000 0.000000 1.000000
0.731702 0.055396 -0.679369 0.092660 0.001741 0.996537 0.083133 89.738647 0.681622 -0.062011 0.729072 -0.328412 0.000000 0.000000 0.000000 1.000000
0.731908 0.055227 -0.679162 0.084679 0.001841 0.996546 0.083020 89.713753 0.681401 -0.062013 0.729278 -0.359753 0.000000 0.000000 0.000000 1.000000
0.731838 0.054954 -0.679259 0.075440 0.001972 0.996568 0.082751 89.698418 0.681476 -0.061900 0.729218 -0.389961 0.000000 0.000000 0.000000 1.000000
0.731470 0.054637 -0.679681 0.066686 0.002106 0.996599 0.082379 89.688606 0.681871 -0.061690 0.728867 -0.423173 0.000000 0.000000 0.000000 1.000000
0.730967 0.054332 -0.680246 0.059635 0.002228 0.996630 0.081996 89.677605 0.682409 -0.061452 0.728383 -0.462432 0.000000 0.000000 0.000000 1.000000
0.730546 0.054093 -0.680718 0.054681 0.002293 0.996658 0.081661 89.661201 0.682860 -0.061218 0.727980 -0.508419 0.000000 0.000000 0.000000 1.000000
0.730331 0.053894 -0.680964 0.051250 0.002305 0.996683 0.081353 89.639610 0.683090 -0.060985 0.727784 -0.559268 0.000000 0.000000 0.000000 1.000000
0.730333 0.053678 -0.680979 0.048193 0.002298 0.996709 0.081030 89.616463 0.683087 -0.060744 0.727806 -0.611555 0.000000 0.000000 0.000000 1.000000
0.730487 0.053435 -0.680833 0.044865 0.002294 0.996737 0.080691 89.596046 0.682923 -0.060506 0.727981 -0.661825 0.000000 0.000000 0.000000 1.000000
0.730695 0.053165 -0.680631 0.042315 0.002317 0.996764 0.080345 89.580086 0.682700 -0.060285 0.728208 -0.707327 0.000000 0.000000 0.000000 1.000000
0.730835 0.052831 -0.680506 0.042712 0.002407 0.996794 0.079971 89.567116 0.682549 -0.060084 0.728365 -0.745815 0.000000 0.000000 0.000000 1.000000
0.730808 0.052467 -0.680564 0.046948 0.002544 0.996825 0.079581 89.554306 0.682579 -0.059889 0.728354 -0.775785 0.000000 0.000000 0.000000 1.000000
0.730596 0.052240 -0.680809 0.053566 0.002600 0.996849 0.079281 89.540260 0.682805 -0.059692 0.728158 -0.797183 0.000000 0.000000 0.000000 1.000000
0.730279 0.052113 -0.681159 0.060182 0.002600 0.996867 0.079055 89.526062 0.683144 -0.059504 0.727855 -0.812077 0.000000 0.000000 0.000000 1.000000
0.729988 0.052002 -0.681479 0.064954 0.002601 0.996883 0.078856 89.513573 0.683455 -0.059336 0.727577 -0.823620 0.000000 0.000000 0.000000 1.000000
0.729828 0.051879 -0.681660 0.067159 0.002600 0.996898 0.078655 89.504005 0.683626 -0.059177 0.727429 -0.834569 0.000000 0.000000 0.000000 1.000000
0.729840 0.051705 -0.681660 0.067444 0.002602 0.996918 0.078404 89.497467 0.683614 -0.058996 0.727456 -0.846278 0.000000 0.000000 0.000000 1.000000
0.729962 0.051470 -0.681547 0.067370 0.002603 0.996944 0.078076 89.493225 0.683483 -0.058766 0.727597 -0.858902 0.000000 0.000000 0.000000 1.000000
0.730056 0.051211 -0.681466 0.068864 0.002604 0.996973 0.077710 89.490112 0.683383 -0.058508 0.727712 -0.871811 0.000000 0.000000 0.000000 1.000000
0.730055 0.051086 -0.681476 0.070169 0.002605 0.996987 0.077529 89.488701 0.683383 -0.058376 0.727722 -0.878102 0.000000 0.000000 0.000000 1.000000</float_array><technique_common><accessor source="#swat_Hips-Matrix-animation-output-transform-array" count="60" stride="16"><param type="float4x4"/></accessor></technique_common></source><source id="swat_Hips-Interpolations"><Name_array id="swat_Hips-Interpolations-array" count="60">
 LINEAR LINEAR LINEAR LINEAR LINEAR LINEAR LINEAR LINEAR LINEAR LINEAR LINEAR
LINEAR LINEAR LINEAR LINEAR LINEAR LINEAR LINEAR LINEAR LINEAR LINEAR LINEAR LINEAR
LINEAR LINEAR LINEAR LINEAR LINEAR LINEAR LINEAR LINEAR LINEAR LINEAR LINEAR LINEAR
LINEAR LINEAR LINEAR LINEAR LINEAR LINEAR LINEAR LINEAR LINEAR LINEAR LINEAR LINEAR
LINEAR LINEAR LINEAR LINEAR LINEAR LINEAR LINEAR LINEAR LINEAR LINEAR LINEAR LINEAR
LINEAR</Name_array><technique_common><accessor source="#swat_Hips-Interpolations-array" count="60"><param type="name"/></accessor></technique_common></source><sampler id="swat_Hips-Matrix-animation-transform"><input semantic="INPUT" source="#swat_Hips-Matrix-animation-input"/><input semantic="OUTPUT" source="#swat_Hips-Matrix-animation-output-transform"/><input semantic="INTERPOLATION" source="#swat_Hips-Interpolations"/></sampler><channel source="#swat_Hips-Matrix-animation-transform" target="swat_Hips/matrix"/></animation>
    <animation id="swat_Spine-anim" name="swat_Spine"><source id="swat_Spine-Matrix-animation-input"><float_array id="swat_Spine-Matrix-animation-input-array" count="60">

0.000000 0.033333 0.066667 0.100000 0.133333 0.166667 0.200000 0.233333 0.266667 0.300000 0.333333 0.366667 0.400000 0.433333 0.466667 0.500000
0.533333 0.566667 0.600000 0.633333 0.666667 0.700000 0.733333 0.766667 0.800000 0.833333 0.866667 0.900000 0.933333 0.966667 1.000000 1.033333
1.066667 1.100000 1.133333 1.166667 1.200000 1.233333 1.266667 1.300000 1.333333 1.366667 1.400000 1.433333 1.466667 1.500000 1.533333 1.566667
1.600000 1.633333 1.666667 1.700000 1.733333 1.766667 1.800000 1.833333 1.866667 1.900000 1.933333 1.966667</float_array><technique_common><accessor source="#swat_Spine-Matrix-animation-input-array" count="60"><param name="TIME" type="float"/></accessor></technique_common></source><source id="swat_Spine-Matrix-animation-output-transform"><float_array id="swat_Spine-Matrix-animation-output-transform-array" count="960">

0.996596 0.021679 0.079538 0.000000 -0.013553 0.994762 -0.101317 9.226300 -0.081318 0.099894 0.991670 1.577100 0.000000 0.000000 0.000000 1.000000
0.996596 0.021669 0.079541 -0.000000 -0.013547 0.994767 -0.101266 9.226300 -0.081319 0.099843 0.991675 1.577100 0.000000 0.000000 0.000000 1.000000
0.996596 0.021640 0.079546 -0.000000 -0.013527 0.994778 -0.101157 9.226300 -0.081320 0.099737 0.991685 1.577100 0.000000 0.000000 0.000000 1.000000
0.996601 0.021574 0.079505 0.000000 -0.013479 0.994796 -0.100990 9.226300 -0.081270 0.099575 0.991706 1.577100 0.000000 0.000000 0.000000 1.000000
0.996612 0.021470 0.079394 -0.000000 -0.013404 0.994820 -0.100761 9.226300 -0.081146 0.099355 0.991738 1.577100 0.000000 0.000000 0.000000 1.000000
0.996636 0.021289 0.079147 0.000000 -0.013272 0.994851 -0.100477 9.226300 -0.080878 0.099089 0.991786 1.577100 0.000000 0.000000 0.000000 1.000000
0.996659 0.021111 0.078893 -0.000000 -0.013145 0.994885 -0.100157 9.226300 -0.080604 0.098785 0.991839 1.577100 0.000000 0.000000 0.000000 1.000000
0.996674 0.020964 0.078751 0.000000 -0.013043 0.994923 -0.099789 9.226300 -0.080443 0.098429 0.991887 1.577100 0.000000 0.000000 0.000000 1.000000
0.996678 0.020846 0.078729 0.000000 -0.012961 0.994967 -0.099364 9.226300 -0.080404 0.098013 0.991932 1.577100 0.000000 0.000000 0.000000 1.000000
0.996675 0.020748 0.078796 0.000000 -0.012897 0.995017 -0.098871 9.226300 -0.080455 0.097526 0.991976 1.577100 0.000000 0.000000 0.000000 1.000000
0.996668 0.020657 0.078909 -0.000000 -0.012837 0.995069 -0.098353 9.226300 -0.080551 0.097012 0.992018 1.577100 0.000000 0.000000 0.000000 1.000000
0.996660 0.020559 0.079033 0.000000 -0.012767 0.995118 -0.097867 9.226300 -0.080659 0.096531 0.992056 1.577100 0.000000 0.000000 0.000000 1.000000
0.996656 0.020439 0.079113 0.000000 -0.012674 0.995161 -0.097432 9.226300 -0.080721 0.096104 0.992093 1.577100 0.000000 0.000000 0.000000 1.000000
0.996662 0.020284 0.079082 -0.000000 -0.012556 0.995203 -0.097027 9.226300 -0.080671 0.095710 0.992135 1.577100 0.000000 0.000000 0.000000 1.000000
0.996678 0.020094 0.078931 0.000000 -0.012414 0.995245 -0.096611 9.226300 -0.080497 0.095310 0.992188 1.577100 0.000000 0.000000 0.000000 1.000000
0.996693 0.019899 0.078783 0.000000 -0.012270 0.995291 -0.096156 9.226300 -0.080326 0.094871 0.992244 1.577100 0.000000 0.000000 0.000000 1.000000
0.996699 0.019723 0.078749 0.000000 -0.012137 0.995339 -0.095669 9.226300 -0.080269 0.094398 0.992293 1.577100 0.000000 0.000000 0.000000 1.000000
0.996695 0.019592 0.078836 0.000000 -0.012038 0.995387 -0.095184 9.226300 -0.080337 0.093920 0.992333 1.577100 0.000000 0.000000 0.000000 1.000000
0.996687 0.019493 0.078961 -0.000000 -0.011964 0.995431 -0.094731 9.226300 -0.080447 0.093472 0.992366 1.577100 0.000000 0.000000 0.000000 1.000000
0.996683 0.019397 0.079041 0.000000 -0.011892 0.995469 -0.094339 9.226300 -0.080513 0.093086 0.992397 1.577100 0.000000 0.000000 0.000000 1.000000
0.996685 0.019294 0.079039 0.000000 -0.011818 0.995503 -0.093985 9.226300 -0.080497 0.092739 0.992431 1.577100 0.000000 0.000000 0.000000 1.000000
0.996691 0.019202 0.078987 -0.000000 -0.011758 0.995536 -0.093650 9.226300 -0.080433 0.092411 0.992467 1.577100 0.000000 0.000000 0.000000 1.000000
0.996696 0.019126 0.078937 -0.000000 -0.011714 0.995567 -0.093322 9.226300 -0.080372 0.092089 0.992502 1.577100 0.000000 0.000000 0.000000 1.000000
0.996698 0.019071 0.078926 0.000000 -0.011684 0.995596 -0.093018 9.226300 -0.080352 0.091789 0.992531 1.577100 0.000000 0.000000 0.000000 1.000000
0.996697 0.019034 0.078942 -0.000000 -0.011666 0.995619 -0.092769 9.226300 -0.080362 0.091541 0.992553 1.577100 0.000000 0.000000 0.000000 1.000000
0.996695 0.019023 0.078981 -0.000000 -0.011665 0.995635 -0.092600 9.226300 -0.080398 0.091373 0.992566 1.577100 0.000000 0.000000 0.000000 1.000000
0.996691 0.019047 0.079025 -0.000000 -0.011689 0.995639 -0.092549 9.226300 -0.080443 0.091319 0.992567 1.577100 0.000000 0.000000 0.000000 1.000000
0.996686 0.019113 0.079062 -0.000000 -0.011744 0.995631 -0.092639 9.226300 -0.080487 0.091403 0.992556 1.577100 0.000000 0.000000 0.000000 1.000000
0.996682 0.019201 0.079094 0.000000 -0.011813 0.995611 -0.092842 9.226300 -0.080529 0.091600 0.992534 1.577100 0.000000 0.000000 0.000000 1.000000
0.996678 0.019300 0.079126 -0.000000 -0.011888 0.995586 -0.093098 9.226300 -0.080574 0.091848 0.992508 1.577100 0.000000 0.000000 0.000000 1.000000
0.996673 0.019394 0.079157 -0.000000 -0.011956 0.995559 -0.093378 9.226300 -0.080616 0.092121 0.992479 1.577100 0.000000 0.000000 0.000000 1.000000
0.996672 0.019477 0.079155 0.000000 -0.012012 0.995527 -0.093716 9.226300 -0.080626 0.092453 0.992447 1.577100 0.000000 0.000000 0.000000 1.000000
0.996674 0.019547 0.079109 0.000000 -0.012052 0.995487 -0.094133 9.226300 -0.080592 0.092867 0.992412 1.577100 0.000000 0.000000 0.000000 1.000000
0.996678 0.019612 0.079042 0.000000 -0.012088 0.995445 -0.094568 9.226300 -0.080536 0.093299 0.992376 1.577100 0.000000 0.000000 0.000000 1.000000
0.996680 0.019684 0.079000 -0.000000 -0.012132 0.995407 -0.094963 9.226300 -0.080506 0.093689 0.992341 1.577100 0.000000 0.000000 0.000000 1.000000
0.996677 0.019778 0.079018 0.000000 -0.012197 0.995374 -0.095301 9.226300 -0.080537 0.094021 0.992307 1.577100 0.000000 0.000000 0.000000 1.000000
0.996670 0.019892 0.079083 -0.000000 -0.012278 0.995342 -0.095618 9.226300 -0.080616 0.094329 0.992272 1.577100 0.000000 0.000000 0.000000 1.000000
0.996663 0.020008 0.079140 0.000000 -0.012361 0.995309 -0.095950 9.226300 -0.080689 0.094651 0.992235 1.577100 0.000000 0.000000 0.000000 1.000000
0.996660 0.020097 0.079147 0.000000 -0.012419 0.995272 -0.096328 9.226300 -0.080708 0.095023 0.992198 1.577100 0.000000 0.000000 0.000000 1.000000
0.996663 0.020143 0.079104 0.000000 -0.012437 0.995233 -0.096725 9.226300 -0.080676 0.095419 0.992163 1.577100 0.000000 0.000000 0.000000 1.000000
0.996666 0.020201 0.079046 0.000000 -0.012471 0.995198 -0.097089 9.226300 -0.080627 0.095779 0.992132 1.577100 0.000000 0.000000 0.000000 1.000000
0.996666 0.020288 0.079022 0.000000 -0.012535 0.995167 -0.097391 9.226300 -0.080616 0.096075 0.992104 1.577100 0.000000 0.000000 0.000000 1.000000
0.996661 0.020400 0.079061 -0.000000 -0.012623 0.995141 -0.097651 9.226300 -0.080669 0.096327 0.992075 1.577100 0.000000 0.000000 0.000000 1.000000
0.996651 0.020530 0.079148 -0.000000 -0.012723 0.995114 -0.097912 9.226300 -0.080771 0.096577 0.992043 1.577100 0.000000 0.000000 0.000000 1.000000
0.996639 0.020673 0.079262 -0.000000 -0.012830 0.995084 -0.098204 9.226300 -0.080902 0.096857 0.992005 1.577100 0.000000 0.000000 0.000000 1.000000
0.996628 0.020806 0.079371 0.000000 -0.012927 0.995051 -0.098518 9.226300 -0.081028 0.097160 0.991965 1.577100 0.000000 0.000000 0.000000 1.000000
0.996620 0.020921 0.079440 0.000000 -0.013008 0.995018 -0.098844 9.226300 -0.081112 0.097477 0.991927 1.577100 0.000000 0.000000 0.000000 1.000000
0.996616 0.021021 0.079468 -0.000000 -0.013079 0.994985 -0.099166 9.226300 -0.081154 0.097791 0.991893 1.577100 0.000000 0.000000 0.000000 1.000000
0.996614 0.021109 0.079470 -0.000000 -0.013142 0.994953 -0.099476 9.226300 -0.081169 0.098095 0.991861 1.577100 0.000000 0.000000 0.000000 1.000000
0.996612 0.021188 0.079465 -0.000000 -0.013197 0.994923 -0.099770 9.226300 -0.081175 0.098383 0.991832 1.577100 0.000000 0.000000 0.000000 1.000000
0.996611 0.021259 0.079460 0.000000 -0.013246 0.994895 -0.100042 9.226300 -0.081181 0.098651 0.991805 1.577100 0.000000 0.000000 0.000000 1.000000
0.996609 0.021323 0.079468 -0.000000 -0.013288 0.994869 -0.100293 9.226300 -0.081199 0.098897 0.991779 1.577100 0.000000 0.000000 0.000000 1.000000
0.996605 0.021369 0.079507 0.000000 -0.013313 0.994847 -0.100513 9.226300 -0.081245 0.099113 0.991754 1.577100 0.000000 0.000000 0.000000 1.000000
0.996601 0.021396 0.079556 0.000000 -0.013319 0.994827 -0.100702 9.226300 -0.081300 0.099300 0.991731 1.577100 0.000000 0.000000 0.000000 1.000000
0.996597 0.021421 0.079592 -0.000000 -0.013327 0.994810 -0.100869 9.226300 -0.081340 0.099465 0.991711 1.577100 0.000000 0.000000 0.000000 1.000000
0.996596 0.021463 0.079597 -0.000000 -0.013356 0.994795 -0.101020 9.226300 -0.081351 0.099613 0.991695 1.577100 0.000000 0.000000 0.000000 1.000000
0.996596 0.021509 0.079586 0.000000 -0.013392 0.994781 -0.101146 9.226300 -0.081346 0.099736 0.991683 1.577100 0.000000 0.000000 0.000000 1.000000
0.996596 0.021548 0.079576 0.000000 -0.013424 0.994771 -0.101247 9.226300 -0.081342 0.099834 0.991674 1.577100 0.000000 0.000000 0.000000 1.000000
0.996596 0.021571 0.079572 -0.000000 -0.013440 0.994761 -0.101338 9.226300 -0.081341 0.099924 0.991665 1.577100 0.000000 0.000000 0.000000 1.000000
0.996596 0.021581 0.079571 0.000000 -0.013447 0.994757 -0.101376 9.226300 -0.081341 0.099961 0.991661 1.577100 0.000000 0.000000 0.000000 1.000000</float_array><technique_common><accessor source="#swat_Spine-Matrix-animation-output-transform-array" count="60" stride="16"><param type="float4x4"/></accessor></technique_common></source><source id="swat_Spine-Interpolations"><Name_array id="swat_Spine-Interpolations-array" count="60">
 LINEAR LINEAR LINEAR LINEAR LINEAR LINEAR LINEAR LINEAR LINEAR LINEAR LINEAR
LINEAR LINEAR LINEAR LINEAR LINEAR LINEAR LINEAR LINEAR LINEAR LINEAR LINEAR LINEAR
LINEAR LINEAR LINEAR LINEAR LINEAR LINEAR LINEAR LINEAR LINEAR LINEAR LINEAR LINEAR
LINEAR LINEAR LINEAR LINEAR LINEAR LINEAR LINEAR LINEAR LINEAR LINEAR LINEAR LINEAR
LINEAR LINEAR LINEAR LINEAR LINEAR LINEAR LINEAR LINEAR LINEAR LINEAR LINEAR LINEAR
LINEAR</Name_array><technique_common><accessor source="#swat_Spine-Interpolations-array" count="60"><param type="name"/></accessor></technique_common></source><sampler id="swat_Spine-Matrix-animation-transform"><input semantic="INPUT" source="#swat_Spine-Matrix-animation-input"/><input semantic="OUTPUT" source="#swat_Spine-Matrix-animation-output-transform"/><input semantic="INTERPOLATION" source="#swat_Spine-Interpolations"/></sampler><channel source="#swat_Spine-Matrix-animation-transform" target="swat_Spine/matrix"/></animation>
    <animation id="swat_Spine1-anim" name="swat_Spine1"><source id="swat_Spine1-Matrix-animation-input"><float_array id="swat_Spine1-Matrix-animation-input-array" count="60">

0.000000 0.033333 0.066667 0.100000 0.133333 0.166667 0.200000 0.233333 0.266667 0.300000 0.333333 0.366667 0.400000 0.433333 0.466667 0.500000
0.533333 0.566667 0.600000 0.633333 0.666667 0.700000 0.733333 0.766667 0.800000 0.833333 0.866667 0.900000 0.933333 0.966667 1.000000 1.033333
1.066667 1.100000 1.133333 1.166667 1.200000 1.233333 1.266667 1.300000 1.333333 1.366667 1.400000 1.433333 1.466667 1.500000 1.533333 1.566667
1.600000 1.633333 1.666667 1.700000 1.733333 1.766667 1.800000 1.833333 1.866667 1.900000 1.933333 1.966667</float_array><technique_common><accessor source="#swat_Spine1-Matrix-animation-input-array" count="60"><param name="TIME" type="float"/></accessor></technique_common></source><source id="swat_Spine1-Matrix-animation-output-transform"><float_array id="swat_Spine1-Matrix-animation-output-transform-array" count="960">

0.986184 0.053093 0.156915 0.000000 -0.020480 0.979057 -0.202553 16.254000 -0.164382 0.196541 0.966618 -0.165600 0.000000 0.000000 0.000000 1.000000
0.986184 0.053064 0.156923 0.000000 -0.020467 0.979078 -0.202452 16.254000 -0.164382 0.196443 0.966638 -0.165600 0.000000 0.000000 0.000000 1.000000
0.986185 0.052995 0.156941 -0.000000 -0.020432 0.979124 -0.202237 16.254000 -0.164382 0.196236 0.966680 -0.165600 0.000000 0.000000 0.000000 1.000000
0.986204 0.052853 0.156871 0.000000 -0.020362 0.979194 -0.201904 16.254000 -0.164278 0.195924 0.966761 -0.165600 0.000000 0.000000 0.000000 1.000000
0.986247 0.052629 0.156673 0.000000 -0.020256 0.979290 -0.201448 16.254000 -0.164030 0.195504 0.966888 -0.165600 0.000000 0.000000 0.000000 1.000000
0.986341 0.052236 0.156217 0.000000 -0.020054 0.979411 -0.200880 16.254000 -0.163493 0.195003 0.967080 -0.165600 0.000000 0.000000 0.000000 1.000000
0.986435 0.051839 0.155749 0.000000 -0.019861 0.979546 -0.200238 16.254000 -0.162944 0.194429 0.967288 -0.165600 0.000000 0.000000 0.000000 1.000000
0.986492 0.051509 0.155501 -0.000000 -0.019706 0.979698 -0.199506 16.254000 -0.162621 0.193746 0.967480 -0.165600 0.000000 0.000000 0.000000 1.000000
0.986508 0.051242 0.155489 0.000000 -0.019585 0.979872 -0.198663 16.254000 -0.162539 0.192938 0.967655 -0.165600 0.000000 0.000000 0.000000 1.000000
0.986494 0.051018 0.155650 0.000000 -0.019494 0.980071 -0.197690 16.254000 -0.162634 0.191985 0.967828 -0.165600 0.000000 0.000000 0.000000 1.000000
0.986465 0.050809 0.155901 0.000000 -0.019409 0.980278 -0.196668 16.254000 -0.162819 0.190980 0.967996 -0.165600 0.000000 0.000000 0.000000 1.000000
0.986433 0.050591 0.156173 0.000000 -0.019301 0.980472 -0.195707 16.254000 -0.163024 0.190038 0.968147 -0.165600 0.000000 0.000000 0.000000 1.000000
0.986418 0.050325 0.156357 0.000000 -0.019145 0.980647 -0.194845 16.254000 -0.163137 0.189205 0.968291 -0.165600 0.000000 0.000000 0.000000 1.000000
0.986440 0.049980 0.156329 0.000000 -0.018944 0.980811 -0.194037 16.254000 -0.163028 0.188444 0.968458 -0.165600 0.000000 0.000000 0.000000 1.000000
0.986502 0.049557 0.156070 0.000000 -0.018714 0.980980 -0.193206 16.254000 -0.162676 0.187678 0.968666 -0.165600 0.000000 0.000000 0.000000 1.000000
0.986563 0.049129 0.155817 -0.000000 -0.018489 0.981162 -0.192298 16.254000 -0.162329 0.186834 0.968887 -0.165600 0.000000 0.000000 0.000000 1.000000
0.986587 0.048753 0.155785 0.000000 -0.018283 0.981355 -0.191332 16.254000 -0.162209 0.185917 0.969084 -0.165600 0.000000 0.000000 0.000000 1.000000
0.986569 0.048478 0.155985 0.000000 -0.018132 0.981545 -0.190371 16.254000 -0.162335 0.184985 0.969241 -0.165600 0.000000 0.000000 0.000000 1.000000
0.986537 0.048268 0.156255 0.000000 -0.018022 0.981720 -0.189475 16.254000 -0.162545 0.184108 0.969373 -0.165600 0.000000 0.000000 0.000000 1.000000
0.986518 0.048061 0.156433 0.000000 -0.017913 0.981872 -0.188699 16.254000 -0.162666 0.183353 0.969495 -0.165600 0.000000 0.000000 0.000000 1.000000
0.986526 0.047835 0.156452 -0.000000 -0.017802 0.982008 -0.187996 16.254000 -0.162630 0.182678 0.969629 -0.165600 0.000000 0.000000 0.000000 1.000000
0.986550 0.047624 0.156368 0.000000 -0.017719 0.982137 -0.187331 16.254000 -0.162497 0.182041 0.969771 -0.165600 0.000000 0.000000 0.000000 1.000000
0.986570 0.047449 0.156293 0.000000 -0.017667 0.982262 -0.186682 16.254000 -0.162378 0.181413 0.969909 -0.165600 0.000000 0.000000 0.000000 1.000000
0.986578 0.047315 0.156287 -0.000000 -0.017636 0.982376 -0.186082 16.254000 -0.162337 0.180828 0.970025 -0.165600 0.000000 0.000000 0.000000 1.000000
0.986575 0.047223 0.156333 0.000000 -0.017618 0.982470 -0.185588 16.254000 -0.162356 0.180342 0.970112 -0.165600 0.000000 0.000000 0.000000 1.000000
0.986563 0.047189 0.156417 0.000000 -0.017624 0.982532 -0.185256 16.254000 -0.162427 0.180010 0.970162 -0.165600 0.000000 0.000000 0.000000 1.000000
0.986547 0.047238 0.156503 -0.000000 -0.017674 0.982550 -0.185158 16.254000 -0.162518 0.179901 0.970167 -0.165600 0.000000 0.000000 0.000000 1.000000
0.986530 0.047379 0.156566 0.000000 -0.017772 0.982514 -0.185338 16.254000 -0.162610 0.180060 0.970122 -0.165600 0.000000 0.000000 0.000000 1.000000
0.986514 0.047577 0.156612 0.000000 -0.017893 0.982435 -0.185746 16.254000 -0.162699 0.180439 0.970037 -0.165600 0.000000 0.000000 0.000000 1.000000
0.986495 0.047802 0.156659 0.000000 -0.018022 0.982336 -0.186257 16.254000 -0.162795 0.180918 0.969931 -0.165600 0.000000 0.000000 0.000000 1.000000
0.986478 0.048017 0.156699 0.000000 -0.018136 0.982228 -0.186815 16.254000 -0.162884 0.181447 0.969817 -0.165600 0.000000 0.000000 0.000000 1.000000
0.986473 0.048209 0.156676 0.000000 -0.018218 0.982099 -0.187484 16.254000 -0.162909 0.182094 0.969692 -0.165600 0.000000 0.000000 0.000000 1.000000
0.986482 0.048378 0.156565 0.000000 -0.018268 0.981940 -0.188310 16.254000 -0.162848 0.182904 0.969550 -0.165600 0.000000 0.000000 0.000000 1.000000
0.986498 0.048536 0.156414 0.000000 -0.018310 0.981774 -0.189169 16.254000 -0.162745 0.183751 0.969407 -0.165600 0.000000 0.000000 0.000000 1.000000
0.986506 0.048712 0.156312 -0.000000 -0.018373 0.981622 -0.189950 16.254000 -0.162692 0.184515 0.969271 -0.165600 0.000000 0.000000 0.000000 1.000000
0.986493 0.048927 0.156327 -0.000000 -0.018472 0.981490 -0.190621 16.254000 -0.162760 0.185159 0.969136 -0.165600 0.000000 0.000000 0.000000 1.000000
0.986464 0.049179 0.156432 -0.000000 -0.018596 0.981365 -0.191252 16.254000 -0.162922 0.185755 0.968995 -0.165600 0.000000 0.000000 0.000000 1.000000
0.986437 0.049434 0.156520 -0.000000 -0.018723 0.981234 -0.191911 16.254000 -0.163069 0.186378 0.968851 -0.165600 0.000000 0.000000 0.000000 1.000000
0.986429 0.049634 0.156508 0.000000 -0.018798 0.981086 -0.192660 16.254000 -0.163110 0.187103 0.968704 -0.165600 0.000000 0.000000 0.000000 1.000000
0.986439 0.049748 0.156405 0.000000 -0.018798 0.980932 -0.193443 16.254000 -0.163046 0.187879 0.968565 -0.165600 0.000000 0.000000 0.000000 1.000000
0.986454 0.049882 0.156270 0.000000 -0.018837 0.980789 -0.194159 16.254000 -0.162953 0.188586 0.968443 -0.165600 0.000000 0.000000 0.000000 1.000000
0.986455 0.050069 0.156206 -0.000000 -0.018935 0.980669 -0.194758 16.254000 -0.162938 0.189162 0.968333 -0.165600 0.000000 0.000000 0.000000 1.000000
0.986434 0.050307 0.156260 0.000000 -0.019074 0.980563 -0.195276 16.254000 -0.163047 0.189646 0.968220 -0.165600 0.000000 0.000000 0.000000 1.000000
0.986397 0.050582 0.156407 0.000000 -0.019231 0.980456 -0.195798 16.254000 -0.163254 0.190126 0.968091 -0.165600 0.000000 0.000000 0.000000 1.000000
0.986350 0.050887 0.156604 0.000000 -0.019398 0.980336 -0.196380 16.254000 -0.163518 0.190662 0.967941 -0.165600 0.000000 0.000000 0.000000 1.000000
0.986305 0.051179 0.156793 0.000000 -0.019544 0.980208 -0.197005 16.254000 -0.163772 0.191243 0.967784 -0.165600 0.000000 0.000000 0.000000 1.000000
0.986274 0.051431 0.156903 -0.000000 -0.019664 0.980075 -0.197653 16.254000 -0.163942 0.191855 0.967634 -0.165600 0.000000 0.000000 0.000000 1.000000
0.986257 0.051655 0.156936 0.000000 -0.019771 0.979944 -0.198291 16.254000 -0.164031 0.192463 0.967498 -0.165600 0.000000 0.000000 0.000000 1.000000
0.986249 0.051851 0.156920 0.000000 -0.019865 0.979817 -0.198906 16.254000 -0.164066 0.193054 0.967374 -0.165600 0.000000 0.000000 0.000000 1.000000
0.986245 0.052024 0.156889 0.000000 -0.019945 0.979698 -0.199486 16.254000 -0.164082 0.193613 0.967260 -0.165600 0.000000 0.000000 0.000000 1.000000
0.986241 0.052178 0.156863 0.000000 -0.020012 0.979586 -0.200026 16.254000 -0.164098 0.194135 0.967152 -0.165600 0.000000 0.000000 0.000000 1.000000
0.986234 0.052314 0.156863 0.000000 -0.020063 0.979484 -0.200521 16.254000 -0.164135 0.194613 0.967050 -0.165600 0.000000 0.000000 0.000000 1.000000
0.986218 0.052421 0.156925 0.000000 -0.020083 0.979395 -0.200955 16.254000 -0.164225 0.195034 0.966950 -0.165600 0.000000 0.000000 0.000000 1.000000
0.986201 0.052491 0.157009 0.000000 -0.020072 0.979318 -0.201327 16.254000 -0.164330 0.195397 0.966859 -0.165600 0.000000 0.000000 0.000000 1.000000
0.986188 0.052553 0.157069 0.000000 -0.020066 0.979251 -0.201655 16.254000 -0.164408 0.195718 0.966781 -0.165600 0.000000 0.000000 0.000000 1.000000
0.986184 0.052649 0.157067 0.000000 -0.020110 0.979188 -0.201955 16.254000 -0.164431 0.196006 0.966718 -0.165600 0.000000 0.000000 0.000000 1.000000
0.986183 0.052746 0.157036 0.000000 -0.020170 0.979135 -0.202206 16.254000 -0.164425 0.196245 0.966671 -0.165600 0.000000 0.000000 0.000000 1.000000
0.986183 0.052829 0.157009 0.000000 -0.020224 0.979093 -0.202405 16.254000 -0.164420 0.196433 0.966633 -0.165600 0.000000 0.000000 0.000000 1.000000
0.986183 0.052881 0.156995 -0.000000 -0.020248 0.979055 -0.202586 16.254000 -0.164420 0.196608 0.966598 -0.165600 0.000000 0.000000 0.000000 1.000000
0.986182 0.052902 0.156989 0.000000 -0.020257 0.979039 -0.202661 16.254000 -0.164419 0.196681 0.966583 -0.165600 0.000000 0.000000 0.000000 1.000000</float_array><technique_common><accessor source="#swat_Spine1-Matrix-animation-output-transform-array" count="60" stride="16"><param type="float4x4"/></accessor></technique_common></source><source id="swat_Spine1-Interpolations"><Name_array id="swat_Spine1-Interpolations-array" count="60">
 LINEAR LINEAR LINEAR LINEAR LINEAR LINEAR LINEAR LINEAR LINEAR LINEAR LINEAR
LINEAR LINEAR LINEAR LINEAR LINEAR LINEAR LINEAR LINEAR LINEAR LINEAR LINEAR LINEAR
LINEAR LINEAR LINEAR LINEAR LINEAR LINEAR LINEAR LINEAR LINEAR LINEAR LINEAR LINEAR
LINEAR LINEAR LINEAR LINEAR LINEAR LINEAR LINEAR LINEAR LINEAR LINEAR LINEAR LINEAR
LINEAR LINEAR LINEAR LINEAR LINEAR LINEAR LINEAR LINEAR LINEAR LINEAR LINEAR LINEAR
LINEAR</Name_array><technique_common><accessor source="#swat_Spine1-Interpolations-array" count="60"><param type="name"/></accessor></technique_common></source><sampler id="swat_Spine1-Matrix-animation-transform"><input semantic="INPUT" source="#swat_Spine1-Matrix-animation-input"/><input semantic="OUTPUT" source="#swat_Spine1-Matrix-animation-output-transform"/><input semantic="INTERPOLATION" source="#swat_Spine1-Interpolations"/></sampler><channel source="#swat_Spine1-Matrix-animation-transform" target="swat_Spine1/matrix"/></animation>
    <animation id="swat_Spine2-anim" name="swat_Spine2"><source id="swat_Spine2-Matrix-animation-input"><float_array id="swat_Spine2-Matrix-animation-input-array" count="60">

0.000000 0.033333 0.066667 0.100000 0.133333 0.166667 0.200000 0.233333 0.266667 0.300000 0.333333 0.366667 0.400000 0.433333 0.466667 0.500000
0.533333 0.566667 0.600000 0.633333 0.666667 0.700000 0.733333 0.766667 0.800000 0.833333 0.866667 0.900000 0.933333 0.966667 1.000000 1.033333
1.066667 1.100000 1.133333 1.166667 1.200000 1.233333 1.266667 1.300000 1.333333 1.366667 1.400000 1.433333 1.466667 1.500000 1.533333 1.566667
1.600000 1.633333 1.666667 1.700000 1.733333 1.766667 1.800000 1.833333 1.866667 1.900000 1.933333 1.966667</float_array><technique_common><accessor source="#swat_Spine2-Matrix-animation-input-array" count="60"><param name="TIME" type="float"/></accessor></technique_common></source><source id="swat_Spine2-Matrix-animation-output-transform"><float_array id="swat_Spine2-Matrix-animation-output-transform-array" count="960">

0.986184 0.053092 0.156915 0.000000 -0.020480 0.979057 -0.202553 13.639600 -0.164382 0.196541 0.966618 -1.292300 0.000000 0.000000 0.000000 1.000000
0.986184 0.053064 0.156923 0.000000 -0.020467 0.979078 -0.202452 13.639600 -0.164382 0.196443 0.966638 -1.292300 0.000000 0.000000 0.000000 1.000000
0.986185 0.052995 0.156941 -0.000000 -0.020432 0.979124 -0.202237 13.639600 -0.164382 0.196236 0.966680 -1.292300 0.000000 0.000000 0.000000 1.000000
0.986204 0.052853 0.156870 0.000000 -0.020362 0.979194 -0.201904 13.639600 -0.164278 0.195924 0.966761 -1.292300 0.000000 0.000000 0.000000 1.000000
0.986247 0.052629 0.156673 0.000000 -0.020256 0.979290 -0.201448 13.639600 -0.164030 0.195504 0.966888 -1.292300 0.000000 0.000000 0.000000 1.000000
0.986341 0.052236 0.156217 -0.000000 -0.020054 0.979411 -0.200880 13.639600 -0.163493 0.195003 0.967080 -1.292300 0.000000 0.000000 0.000000 1.000000
0.986435 0.051839 0.155749 -0.000000 -0.019861 0.979546 -0.200238 13.639600 -0.162944 0.194429 0.967288 -1.292300 0.000000 0.000000 0.000000 1.000000
0.986492 0.051509 0.155501 0.000000 -0.019706 0.979699 -0.199506 13.639600 -0.162621 0.193746 0.967480 -1.292300 0.000000 0.000000 0.000000 1.000000
0.986508 0.051242 0.155489 -0.000000 -0.019585 0.979872 -0.198663 13.639600 -0.162539 0.192938 0.967655 -1.292300 0.000000 0.000000 0.000000 1.000000
0.986494 0.051018 0.155650 0.000000 -0.019494 0.980071 -0.197690 13.639600 -0.162634 0.191985 0.967828 -1.292300 0.000000 0.000000 0.000000 1.000000
0.986465 0.050809 0.155901 0.000000 -0.019409 0.980278 -0.196668 13.639600 -0.162819 0.190980 0.967996 -1.292300 0.000000 0.000000 0.000000 1.000000
0.986433 0.050592 0.156173 0.000000 -0.019301 0.980472 -0.195707 13.639600 -0.163024 0.190037 0.968147 -1.292300 0.000000 0.000000 0.000000 1.000000
0.986418 0.050324 0.156357 0.000000 -0.019145 0.980647 -0.194845 13.639600 -0.163137 0.189205 0.968291 -1.292300 0.000000 0.000000 0.000000 1.000000
0.986440 0.049980 0.156330 0.000000 -0.018944 0.980811 -0.194037 13.639600 -0.163028 0.188444 0.968458 -1.292300 0.000000 0.000000 0.000000 1.000000
0.986502 0.049557 0.156070 0.000000 -0.018714 0.980980 -0.193206 13.639600 -0.162676 0.187678 0.968666 -1.292300 0.000000 0.000000 0.000000 1.000000
0.986563 0.049129 0.155817 0.000000 -0.018489 0.981162 -0.192298 13.639600 -0.162330 0.186834 0.968887 -1.292300 0.000000 0.000000 0.000000 1.000000
0.986587 0.048753 0.155786 0.000000 -0.018283 0.981355 -0.191332 13.639600 -0.162209 0.185917 0.969084 -1.292300 0.000000 0.000000 0.000000 1.000000
0.986569 0.048478 0.155985 -0.000000 -0.018132 0.981545 -0.190370 13.639600 -0.162335 0.184985 0.969241 -1.292300 0.000000 0.000000 0.000000 1.000000
0.986537 0.048268 0.156255 -0.000000 -0.018022 0.981720 -0.189475 13.639600 -0.162545 0.184108 0.969373 -1.292300 0.000000 0.000000 0.000000 1.000000
0.986519 0.048061 0.156433 0.000000 -0.017913 0.981872 -0.188699 13.639600 -0.162666 0.183353 0.969495 -1.292300 0.000000 0.000000 0.000000 1.000000
0.986527 0.047835 0.156452 0.000000 -0.017802 0.982008 -0.187996 13.639600 -0.162630 0.182678 0.969629 -1.292300 0.000000 0.000000 0.000000 1.000000
0.986550 0.047624 0.156368 -0.000000 -0.017719 0.982137 -0.187331 13.639600 -0.162497 0.182041 0.969771 -1.292300 0.000000 0.000000 0.000000 1.000000
0.986570 0.047449 0.156293 0.000000 -0.017667 0.982262 -0.186682 13.639600 -0.162378 0.181413 0.969909 -1.292300 0.000000 0.000000 0.000000 1.000000
0.986578 0.047315 0.156287 -0.000000 -0.017636 0.982376 -0.186082 13.639600 -0.162338 0.180828 0.970025 -1.292300 0.000000 0.000000 0.000000 1.000000
0.986575 0.047223 0.156333 0.000000 -0.017618 0.982470 -0.185587 13.639600 -0.162356 0.180342 0.970112 -1.292300 0.000000 0.000000 0.000000 1.000000
0.986563 0.047189 0.156417 -0.000000 -0.017624 0.982532 -0.185256 13.639600 -0.162427 0.180010 0.970162 -1.292300 0.000000 0.000000 0.000000 1.000000
0.986547 0.047238 0.156502 0.000000 -0.017674 0.982550 -0.185158 13.639600 -0.162518 0.179901 0.970167 -1.292300 0.000000 0.000000 0.000000 1.000000
0.986530 0.047379 0.156566 0.000000 -0.017772 0.982514 -0.185339 13.639600 -0.162609 0.180060 0.970122 -1.292300 0.000000 0.000000 0.000000 1.000000
0.986514 0.047577 0.156612 0.000000 -0.017893 0.982435 -0.185746 13.639600 -0.162698 0.180439 0.970037 -1.292300 0.000000 0.000000 0.000000 1.000000
0.986495 0.047802 0.156659 0.000000 -0.018022 0.982336 -0.186257 13.639600 -0.162795 0.180918 0.969931 -1.292300 0.000000 0.000000 0.000000 1.000000
0.986478 0.048017 0.156699 -0.000000 -0.018136 0.982228 -0.186814 13.639600 -0.162884 0.181447 0.969817 -1.292300 0.000000 0.000000 0.000000 1.000000
0.986473 0.048209 0.156676 0.000000 -0.018218 0.982099 -0.187484 13.639600 -0.162910 0.182094 0.969692 -1.292300 0.000000 0.000000 0.000000 1.000000
0.986482 0.048378 0.156565 -0.000000 -0.018268 0.981940 -0.188310 13.639600 -0.162848 0.182904 0.969550 -1.292300 0.000000 0.000000 0.000000 1.000000
