<?xml version="1.0" encoding="utf-8"?>
<COLLADA xmlns="http://www.collada.org/2005/11/COLLADASchema" version="1.4.1">
  <asset><contributor><author>Mixamo</author><authoring_tool>COLLADA Mixamo exporter</authoring_tool><comments></comments></contributor><created>2018-12-08T14:20:55Z</created><modified>2018-12-08T14:20:55Z</modified><revision></revision><title></title><unit meter="0.010000"/><up_axis>Y_UP</up_axis></asset>
  <library_animations>
    <animation id="swat_Hips-anim" name="swat_Hips"><source id="swat_Hips-Matrix-animation-input"><float_array id="swat_Hips-Matrix-animation-input-array" count="58">

0.000000 0.033333 0.066667 0.100000 0.133333 0.166667 0.200000 0.233333 0.266667 0.300000 0.333333 0.366667 0.400000 0.433333 0.466667 0.500000
0.533333 0.566667 0.600000 0.633333 0.666667 0.700000 0.733333 0.766667 0.800000 0.833333 0.866667 0.900000 0.933333 0.966667 1.000000 1.033333
1.066667 1.100000 1.133333 1.166667 1.200000 1.233333 1.266667 1.300000 1.333333 1.366667 1.400000 1.433333 1.466667 1.500000 1.533333 1.566667
1.600000 1.633333 1.666667 1.700000 1.733333 1.766667 1.800000 1.833333 1.866667 1.900000</float_array><technique_common><accessor source="#swat_Hips-Matrix-animation-input-array" count="58"><param name="TIME" type="float"/></accessor></technique_common></source><source id="swat_Hips-Matrix-animation-output-transform"><float_array id="swat_Hips-Matrix-animation-output-transform-array" count="928">

0.730075 0.051063 -0.681457 0.069522 0.002620 0.996988 0.077514 89.488655 0.683362 -0.058377 0.727742 -0.878573 0.000000 0.000000 0.000000 1.000000
0.729101 0.042572 -0.683081 0.494071 -0.001047 0.998132 0.061089 89.400230 0.684405 -0.043825 0.727784 -1.004143 0.000000 0.000000 0.000000 1.000000
0.721121 0.015336 -0.692639 1.834220 -0.001483 0.999787 0.020593 88.478210 0.692808 -0.013822 0.720990 -1.476635 0.000000 0.000000 0.000000 1.000000
0.698003 -0.030230 -0.715457 3.790687 -0.008677 0.998678 -0.050662 86.338280 0.716042 0.041570 0.696818 -2.198982 0.000000 0.000000 0.000000 1.000000
0.666221 -0.085676 -0.740816 6.183717 -0.026333 0.990057 -0.138182 82.685295 0.745289 0.111567 0.657341 -3.087045 0.000000 0.000000 0.000000 1.000000
0.629882 -0.141616 -0.763671 8.697803 -0.054202 0.972825 -0.225107 77.458534 0.774797 0.183184 0.605089 -4.047764 0.000000 0.000000 0.000000 1.000000
0.603047 -0.194034 -0.773748 10.911119 -0.076903 0.951307 -0.298498 70.946709 0.793990 0.239512 0.558761 -4.923029 0.000000 0.000000 0.000000 1.000000
0.597620 -0.233756 -0.766947 12.668941 -0.065066 0.939262 -0.336976 63.926308 0.799135 0.251286 0.546113 -5.376521 0.000000 0.000000 0.000000 1.000000
0.596546 -0.256086 -0.760627 13.595483 -0.029360 0.940131 -0.339548 57.856373 0.802042 0.224888 0.553312 -5.281363 0.000000 0.000000 0.000000 1.000000
0.598962 -0.238718 -0.764368 13.536539 -0.006731 0.952998 -0.302902 54.020950 0.800750 0.186571 0.569202 -4.999976 0.000000 0.000000 0.000000 1.000000
0.616948 -0.173422 -0.767659 12.535321 0.001971 0.975757 -0.218849 52.765068 0.787002 0.133505 0.602333 -4.709337 0.000000 0.000000 0.000000 1.000000
0.644260 -0.103401 -0.757784 10.469593 0.010898 0.991959 -0.126089 54.687416 0.764729 0.072976 0.640207 -4.535898 0.000000 0.000000 0.000000 1.000000
0.685435 -0.049686 -0.726437 7.647009 0.020098 0.998580 -0.049336 59.696552 0.727856 0.019216 0.685460 -4.848370 0.000000 0.000000 0.000000 1.000000
0.727270 0.007822 -0.686307 4.337268 0.020917 0.999218 0.033554 67.095238 0.686033 -0.038758 0.726537 -5.180312 0.000000 0.000000 0.000000 1.000000
0.759333 0.064297 -0.647518 0.402260 0.033973 0.989832 0.138127 76.921539 0.649815 -0.126883 0.749427 -4.575158 0.000000 0.000000 0.000000 1.000000
0.777119 0.093984 -0.622297 -3.867748 0.050244 0.976366 0.210203 88.998589 0.627345 -0.194620 0.754030 -3.179206 0.000000 0.000000 0.000000 1.000000
0.766276 0.089513 -0.636245 -7.638367 0.062348 0.975215 0.212292 99.727470 0.639479 -0.202343 0.741703 -2.442329 0.000000 0.000000 0.000000 1.000000
0.767840 0.044511 -0.639093 -8.343261 0.093369 0.979157 0.180373 111.851250 0.633801 -0.198169 0.747680 -2.613311 0.000000 0.000000 0.000000 1.000000
0.780959 -0.024083 -0.624117 -6.781632 0.135077 0.982120 0.131125 123.097725 0.609801 -0.186707 0.770249 -3.463311 0.000000 0.000000 0.000000 1.000000
0.771332 -0.104331 -0.627823 -4.460540 0.169869 0.984434 0.045105 132.473816 0.613345 -0.141439 0.777048 -4.599184 0.000000 0.000000 0.000000 1.000000
0.760437 -0.169354 -0.626940 -2.816178 0.214069 0.976810 -0.004213 139.807739 0.613115 -0.131005 0.779056 -5.929252 0.000000 0.000000 0.000000 1.000000
0.752977 -0.181026 -0.632658 -2.268767 0.234804 0.972042 0.001324 145.012192 0.614730 -0.149548 0.774430 -7.141596 0.000000 0.000000 0.000000 1.000000
0.756874 -0.143301 -0.637657 -2.448697 0.240052 0.968424 0.067298 148.044449 0.607879 -0.204007 0.767375 -7.838984 0.000000 0.000000 0.000000 1.000000
0.774762 -0.098604 -0.624516 -3.297305 0.257393 0.951396 0.169102 148.624115 0.577488 -0.291760 0.762485 -7.990661 0.000000 0.000000 0.000000 1.000000
0.799798 -0.052204 -0.597994 -4.356898 0.258949 0.928754 0.265258 146.993759 0.541542 -0.367003 0.756334 -7.843885 0.000000 0.000000 0.000000 1.000000
0.821093 -0.021936 -0.570373 -4.985897 0.239143 0.920552 0.308860 144.250763 0.518282 -0.390004 0.761105 -7.763828 0.000000 0.000000 0.000000 1.000000
0.835299 -0.023073 -0.549312 -4.946347 0.222533 0.927808 0.299417 141.381516 0.502748 -0.372343 0.780132 -7.404194 0.000000 0.000000 0.000000 1.000000
0.846221 -0.044328 -0.530985 -4.511757 0.210170 0.943505 0.256177 138.033920 0.489631 -0.328380 0.807730 -6.606010 0.000000 0.000000 0.000000 1.000000
0.854636 -0.074535 -0.513850 -4.058582 0.196814 0.962294 0.187760 134.120438 0.480480 -0.261599 0.837081 -5.433275 0.000000 0.000000 0.000000 1.000000
0.863929 -0.096088 -0.494362 -3.856096 0.169984 0.979659 0.106643 128.949356 0.474060 -0.176166 0.862689 -3.718506 0.000000 0.000000 0.000000 1.000000
0.884814 -0.099501 -0.455196 -3.946929 0.132701 0.990288 0.041479 121.395256 0.446648 -0.097106 0.889425 -1.034228 0.000000 0.000000 0.000000 1.000000
0.918076 -0.084438 -0.387306 -4.239256 0.100288 0.994740 0.020858 112.080688 0.383508 -0.057992 0.921715 2.018046 0.000000 0.000000 0.000000 1.000000
0.946365 -0.050544 -0.319122 -4.420341 0.063244 0.997560 0.029552 100.675034 0.316850 -0.048150 0.947253 4.522231 0.000000 0.000000 0.000000 1.000000
0.967866 -0.032717 -0.249328 -4.714890 0.035965 0.999317 0.008482 88.466232 0.248880 -0.017176 0.968382 5.314593 0.000000 0.000000 0.000000 1.000000
0.978548 -0.073729 -0.192373 -4.847581 0.060492 0.995436 -0.073805 77.367088 0.196937 0.060585 0.978543 4.123394 0.000000 0.000000 0.000000 1.000000
0.967402 -0.151776 -0.202725 -3.988157 0.122771 0.981222 -0.148761 69.283997 0.221497 0.119022 0.967870 3.217553 0.000000 0.000000 0.000000 1.000000
0.946836 -0.231051 -0.223870 -2.687734 0.181596 0.958235 -0.220928 64.590599 0.265566 0.168529 0.949249 2.482285 0.000000 0.000000 0.000000 1.000000
0.928822 -0.283151 -0.238988 -1.291948 0.217363 0.938740 -0.267434 61.070282 0.300072 0.196452 0.933469 1.744046 0.000000 0.000000 0.000000 1.000000
0.910057 -0.309430 -0.275769 -0.058949 0.230429 0.930747 -0.283922 58.783806 0.344525 0.194840 0.918335 1.157612 0.000000 0.000000 0.000000 1.000000
0.888987 -0.330362 -0.317117 0.839777 0.237717 0.924805 -0.297028 57.843590 0.391398 0.188670 0.900673 0.813505 0.000000 0.000000 0.000000 1.000000
0.876461 -0.328646 -0.351864 1.311010 0.230132 0.927874 -0.293409 58.298660 0.422913 0.176187 0.888877 0.636085 0.000000 0.000000 0.000000 1.000000
0.868424 -0.305379 -0.390620 1.386719 0.209266 0.939959 -0.269601 60.251171 0.449497 0.152384 0.880188 0.461686 0.000000 0.000000 0.000000 1.000000
0.862503 -0.276608 -0.423764 1.122157 0.182306 0.951005 -0.249706 63.455467 0.472073 0.138118 0.870673 0.324956 0.000000 0.000000 0.000000 1.000000
0.858448 -0.240262 -0.453145 0.619131 0.147490 0.961816 -0.230557 67.491661 0.491236 0.131087 0.861106 0.196876 0.000000 0.000000 0.000000 1.000000
0.847887 -0.204565 -0.489122 0.176064 0.117788 0.972191 -0.202413 71.953171 0.516927 0.114011 0.848403 0.008239 0.000000 0.000000 0.000000 1.000000
0.832067 -0.174130 -0.526634 -0.082679 0.093979 0.979976 -0.175542 76.465378 0.546655 0.096570 0.831771 -0.205872 0.000000 0.000000 0.000000 1.000000
0.816105 -0.142439 -0.560074 -0.190819 0.069764 0.986344 -0.149192 80.589516 0.573677 0.082683 0.814898 -0.426749 0.000000 0.000000 0.000000 1.000000
0.799013 -0.110586 -0.591057 -0.251068 0.049779 0.991734 -0.118259 83.987808 0.599249 0.065068 0.797914 -0.596913 0.000000 0.000000 0.000000 1.000000
0.781385 -0.077941 -0.619163 -0.313128 0.033051 0.995946 -0.083661 86.466492 0.623173 0.044908 0.780793 -0.701998 0.000000 0.000000 0.000000 1.000000
0.765567 -0.043372 -0.641893 -0.320409 0.018304 0.998789 -0.045657 88.070061 0.643096 0.023204 0.765434 -0.823738 0.000000 0.000000 0.000000 1.000000
0.751303 -0.011303 -0.659861 -0.246653 0.009456 0.999935 -0.006362 88.971115 0.659890 -0.001459 0.751361 -0.920513 0.000000 0.000000 0.000000 1.000000
0.741826 0.009688 -0.670523 -0.157703 0.006394 0.999748 0.021519 89.294006 0.670562 -0.020251 0.741577 -0.948403 0.000000 0.000000 0.000000 1.000000
0.737168 0.020996 -0.675383 -0.098282 0.005292 0.999307 0.036842 89.395401 0.675689 -0.030733 0.736546 -0.951707 0.000000 0.000000 0.000000 1.000000
0.734666 0.027806 -0.677859 -0.059475 0.004720 0.998926 0.046092 89.437202 0.678412 -0.037061 0.733746 -0.950230 0.000000 0.000000 0.000000 1.000000
0.732303 0.035507 -0.680053 -0.012253 0.004118 0.998391 0.056563 89.465958 0.680967 -0.044221 0.730978 -0.942525 0.000000 0.000000 0.000000 1.000000
0.730621 0.042228 -0.681476 0.028545 0.003563 0.997836 0.065651 89.482010 0.682774 -0.050394 0.728890 -0.930203 0.000000 0.000000 0.000000 1.000000
0.730060 0.046433 -0.681804 0.051129 0.003145 0.997450 0.071298 89.485847 0.683376 -0.054196 0.728052 -0.913049 0.000000 0.000000 0.000000 1.000000
0.730030 0.051065 -0.681505 0.069233 0.002623 0.996988 0.077514 89.488693 0.683410 -0.058375 0.727697 -0.877219 0.000000 0.000000 0.000000 1.000000</float_array><technique_common><accessor source="#swat_Hips-Matrix-animation-output-transform-array" count="58" stride="16"><param type="float4x4"/></accessor></technique_common></source><source id="swat_Hips-Interpolations"><Name_array id="swat_Hips-Interpolations-array" count="58">
 LINEAR LINEAR LINEAR LINEAR LINEAR LINEAR LINEAR LINEAR LINEAR LINEAR LINEAR
LINEAR LINEAR LINEAR LINEAR LINEAR LINEAR LINEAR LINEAR LINEAR LINEAR LINEAR LINEAR
LINEAR LINEAR LINEAR LINEAR LINEAR LINEAR LINEAR LINEAR LINEAR LINEAR LINEAR LINEAR
LINEAR LINEAR LINEAR LINEAR LINEAR LINEAR LINEAR LINEAR LINEAR LINEAR LINEAR LINEAR
LINEAR LINEAR LINEAR LINEAR LINEAR LINEAR LINEAR LINEAR LINEAR LINEAR LINEAR</Name_array><technique_common><accessor source="#swat_Hips-Interpolations-array" count="58"><param type="name"/></accessor></technique_common></source><sampler id="swat_Hips-Matrix-animation-transform"><input semantic="INPUT" source="#swat_Hips-Matrix-animation-input"/><input semantic="OUTPUT" source="#swat_Hips-Matrix-animation-output-transform"/><input semantic="INTERPOLATION" source="#swat_Hips-Interpolations"/></sampler><channel source="#swat_Hips-Matrix-animation-transform" target="swat_Hips/matrix"/></animation>
    <animation id="swat_Spine-anim" name="swat_Spine"><source id="swat_Spine-Matrix-animation-input"><float_array id="swat_Spine-Matrix-animation-input-array" count="58">

0.000000 0.033333 0.066667 0.100000 0.133333 0.166667 0.200000 0.233333 0.266667 0.300000 0.333333 0.366667 0.400000 0.433333 0.466667 0.500000
0.533333 0.566667 0.600000 0.633333 0.666667 0.700000 0.733333 0.766667 0.800000 0.833333 0.866667 0.900000 0.933333 0.966667 1.000000 1.033333
1.066667 1.100000 1.133333 1.166667 1.200000 1.233333 1.266667 1.300000 1.333333 1.366667 1.400000 1.433333 1.466667 1.500000 1.533333 1.566667
1.600000 1.633333 1.666667 1.700000 1.733333 1.766667 1.800000 1.833333 1.866667 1.900000</float_array><technique_common><accessor source="#swat_Spine-Matrix-animation-input-array" count="58"><param name="TIME" type="float"/></accessor></technique_common></source><source id="swat_Spine-Matrix-animation-output-transform"><float_array id="swat_Spine-Matrix-animation-output-transform-array" count="928">

0.996594 0.021659 0.079571 0.000000 -0.013527 0.994758 -0.101356 9.226300 -0.081349 0.099934 0.991663 1.577100 0.000000 0.000000 0.000000 1.000000
0.997022 0.021494 0.074067 -0.000000 -0.013907 0.994741 -0.101473 9.226300 -0.075859 0.100141 0.992077 1.577100 0.000000 0.000000 0.000000 1.000000
0.997615 0.020574 0.065892 0.000000 -0.013653 0.994503 -0.103815 9.226300 -0.067666 0.102668 0.992412 1.577100 0.000000 0.000000 0.000000 1.000000
0.998033 0.018922 0.059771 0.000000 -0.012470 0.994230 -0.106539 9.226300 -0.061442 0.105584 0.992510 1.577100 0.000000 0.000000 0.000000 1.000000
0.998408 0.014908 0.054400 0.000000 -0.008772 0.993744 -0.111334 9.226300 -0.055719 0.110679 0.992293 1.577100 0.000000 0.000000 0.000000 1.000000
0.998826 0.009562 0.047490 0.000000 -0.003883 0.992974 -0.118269 9.226300 -0.048287 0.117945 0.991845 1.577100 0.000000 0.000000 0.000000 1.000000
0.999354 0.005496 0.035503 0.000000 -0.000954 0.991943 -0.126683 9.226300 -0.035913 0.126567 0.991308 1.577100 0.000000 0.000000 0.000000 1.000000
0.999770 0.003281 0.021180 -0.000000 -0.000306 0.990292 -0.139001 9.226300 -0.021431 0.138963 0.990066 1.577100 0.000000 0.000000 0.000000 1.000000
0.999915 0.003771 0.012492 0.000000 -0.001864 0.988786 -0.149328 9.226300 -0.012915 0.149292 0.988709 1.577100 0.000000 0.000000 0.000000 1.000000
0.999953 0.004241 0.008735 -0.000000 -0.002838 0.987945 -0.154776 9.226300 -0.009287 0.154744 0.987911 1.577100 0.000000 0.000000 0.000000 1.000000
0.999976 0.000966 0.006856 -0.000000 0.000138 0.987255 -0.159145 9.226300 -0.006923 0.159142 0.987231 1.577100 0.000000 0.000000 0.000000 1.000000
0.999936 -0.000419 0.011309 0.000000 0.002161 0.988004 -0.154415 9.226300 -0.011108 0.154429 0.987941 1.577100 0.000000 0.000000 0.000000 1.000000
0.999900 0.000332 0.014143 -0.000000 0.001650 0.990168 -0.139871 9.226300 -0.014051 0.139881 0.990069 1.577100 0.000000 0.000000 0.000000 1.000000
0.999896 -0.001019 0.014359 0.000000 0.002865 0.991623 -0.129130 9.226300 -0.014107 0.129158 0.991524 1.577100 0.000000 0.000000 0.000000 1.000000
0.999801 0.002659 0.019759 -0.000000 -0.000213 0.992433 -0.122786 9.226300 -0.019936 0.122757 0.992236 1.577100 0.000000 0.000000 0.000000 1.000000
0.999586 0.010030 0.026963 -0.000000 -0.007084 0.994213 -0.107196 9.226300 -0.027882 0.106961 0.993872 1.577100 0.000000 0.000000 0.000000 1.000000
0.999314 0.018109 0.032310 0.000000 -0.015145 0.995850 -0.089744 9.226300 -0.033801 0.089193 0.995441 1.577100 0.000000 0.000000 0.000000 1.000000
0.999039 0.025290 0.035790 0.000000 -0.022015 0.995778 -0.089114 9.226300 -0.037892 0.088240 0.995378 1.577100 0.000000 0.000000 0.000000 1.000000
0.998786 0.033202 0.036383 0.000000 -0.029456 0.994646 -0.099052 9.226300 -0.039477 0.097860 0.994417 1.577100 0.000000 0.000000 0.000000 1.000000
0.998603 0.041510 0.032703 0.000000 -0.037636 0.993075 -0.111295 9.226300 -0.037096 0.109908 0.993249 1.577100 0.000000 0.000000 0.000000 1.000000
0.998351 0.052705 0.022731 0.000000 -0.049373 0.990520 -0.128187 9.226300 -0.029272 0.126853 0.991490 1.577100 0.000000 0.000000 0.000000 1.000000
0.998105 0.060784 0.009580 -0.000000 -0.058641 0.986750 -0.151280 9.226300 -0.018649 0.150432 0.988445 1.577100 0.000000 0.000000 0.000000 1.000000
0.997679 0.068086 -0.000363 0.000000 -0.066982 0.980515 -0.184671 9.226300 -0.012217 0.184267 0.982800 1.577100 0.000000 0.000000 0.000000 1.000000
0.997210 0.074387 -0.006275 -0.000000 -0.073939 0.972630 -0.220282 9.226300 -0.010283 0.220131 0.975416 1.577100 0.000000 0.000000 0.000000 1.000000
0.997135 0.074991 -0.009919 0.000000 -0.075119 0.966252 -0.246404 9.226300 -0.008894 0.246443 0.969117 1.577100 0.000000 0.000000 0.000000 1.000000
0.997475 0.069884 -0.012608 0.000000 -0.070786 0.964367 -0.254922 9.226300 -0.005656 0.255171 0.966879 1.577100 0.000000 0.000000 0.000000 1.000000
0.997958 0.062384 -0.013736 0.000000 -0.063841 0.966738 -0.247673 9.226300 -0.002171 0.248044 0.968746 1.577100 0.000000 0.000000 0.000000 1.000000
0.998450 0.053792 -0.014291 -0.000000 -0.055637 0.971749 -0.229367 9.226300 0.001549 0.229806 0.973235 1.577100 0.000000 0.000000 0.000000 1.000000
0.998875 0.044346 -0.016776 0.000000 -0.046826 0.978199 -0.202323 9.226300 0.007438 0.202881 0.979175 1.577100 0.000000 0.000000 0.000000 1.000000
0.999235 0.034165 -0.019014 -0.000000 -0.036893 0.984906 -0.169110 9.226300 0.012949 0.169682 0.985414 1.577100 0.000000 0.000000 0.000000 1.000000
0.999579 0.024665 -0.015299 0.000000 -0.026524 0.990303 -0.136372 9.226300 0.011787 0.136720 0.990540 1.577100 0.000000 0.000000 0.000000 1.000000
0.999823 0.015928 -0.010063 0.000000 -0.016957 0.993533 -0.112271 9.226300 0.008209 0.112421 0.993627 1.577100 0.000000 0.000000 0.000000 1.000000
0.999938 0.009075 -0.006412 0.000000 -0.009645 0.995402 -0.095301 9.226300 0.005517 0.095357 0.995428 1.577100 0.000000 0.000000 0.000000 1.000000
0.999973 0.005536 -0.004777 -0.000000 -0.005951 0.995758 -0.091818 9.226300 0.004249 0.091844 0.995764 1.577100 0.000000 0.000000 0.000000 1.000000
0.999989 0.004285 -0.001786 -0.000000 -0.004443 0.994933 -0.100442 9.226300 0.001346 0.100449 0.994941 1.577100 0.000000 0.000000 0.000000 1.000000
0.999962 0.006793 0.005412 0.000000 -0.006100 0.992863 -0.119104 9.226300 -0.006183 0.119067 0.992867 1.577100 0.000000 0.000000 0.000000 1.000000
0.999949 0.006844 0.007399 -0.000000 -0.005736 0.990050 -0.140598 9.226300 -0.008287 0.140548 0.990039 1.577100 0.000000 0.000000 0.000000 1.000000
0.999946 0.000519 0.010407 0.000000 0.001204 0.986311 -0.164892 9.226300 -0.010350 0.164896 0.986257 1.577100 0.000000 0.000000 0.000000 1.000000
0.999864 -0.006938 0.014950 0.000000 0.009637 0.981968 -0.188802 9.226300 -0.013370 0.188921 0.981901 1.577100 0.000000 0.000000 0.000000 1.000000
0.999730 -0.014580 0.018119 0.000000 0.017997 0.978451 -0.205692 9.226300 -0.014730 0.205963 0.978449 1.577100 0.000000 0.000000 0.000000 1.000000
0.999477 -0.022598 0.023138 0.000000 0.027126 0.975309 -0.219171 9.226300 -0.017614 0.219684 0.975412 1.577100 0.000000 0.000000 0.000000 1.000000
0.999193 -0.027560 0.029206 0.000000 0.033510 0.973033 -0.228220 9.226300 -0.022129 0.229015 0.973171 1.577100 0.000000 0.000000 0.000000 1.000000
0.998982 -0.029878 0.033783 0.000000 0.036752 0.973471 -0.225838 9.226300 -0.026139 0.226849 0.973579 1.577100 0.000000 0.000000 0.000000 1.000000
0.998751 -0.031259 0.038980 0.000000 0.038949 0.975727 -0.215500 9.226300 -0.031298 0.216750 0.975725 1.577100 0.000000 0.000000 0.000000 1.000000
0.998641 -0.028274 0.043772 -0.000000 0.036568 0.978677 -0.202123 9.226300 -0.037124 0.203449 0.978381 1.577100 0.000000 0.000000 0.000000 1.000000
0.998582 -0.023196 0.047913 0.000000 0.031759 0.981936 -0.186530 9.226300 -0.042721 0.187788 0.981280 1.577100 0.000000 0.000000 0.000000 1.000000
0.998427 -0.018177 0.053037 0.000000 0.027030 0.984845 -0.171317 9.226300 -0.049120 0.172481 0.983787 1.577100 0.000000 0.000000 0.000000 1.000000
0.998175 -0.012022 0.059173 0.000000 0.021286 0.987126 -0.158524 9.226300 -0.056506 0.159494 0.985580 1.577100 0.000000 0.000000 0.000000 1.000000
0.997851 -0.005689 0.065270 0.000000 0.015201 0.989140 -0.146185 9.226300 -0.063729 0.146863 0.987102 1.577100 0.000000 0.000000 0.000000 1.000000
0.997538 0.000107 0.070132 -0.000000 0.009237 0.991087 -0.132893 9.226300 -0.069521 0.133213 0.988646 1.577100 0.000000 0.000000 0.000000 1.000000
0.997227 0.005948 0.074186 -0.000000 0.003060 0.992682 -0.120717 9.226300 -0.074362 0.120610 0.989911 1.577100 0.000000 0.000000 0.000000 1.000000
0.996959 0.010889 0.077159 -0.000000 -0.002102 0.993585 -0.113071 9.226300 -0.077895 0.112565 0.990586 1.577100 0.000000 0.000000 0.000000 1.000000
0.996800 0.014475 0.078611 -0.000000 -0.005821 0.994001 -0.109218 9.226300 -0.079720 0.108411 0.990905 1.577100 0.000000 0.000000 0.000000 1.000000
0.996709 0.017181 0.079219 -0.000000 -0.008626 0.994211 -0.107097 9.226300 -0.080601 0.106062 0.991088 1.577100 0.000000 0.000000 0.000000 1.000000
0.996645 0.019339 0.079534 -0.000000 -0.010920 0.994416 -0.104968 9.226300 -0.081120 0.103747 0.991290 1.577100 0.000000 0.000000 0.000000 1.000000
0.996596 0.020887 0.079747 0.000000 -0.012595 0.994591 -0.103098 9.226300 -0.081469 0.101743 0.991469 1.577100 0.000000 0.000000 0.000000 1.000000
0.996576 0.021689 0.079788 -0.000000 -0.013481 0.994692 -0.102009 9.226300 -0.081577 0.100584 0.991579 1.577100 0.000000 0.000000 0.000000 1.000000
0.996594 0.021679 0.079560 0.000000 -0.013548 0.994758 -0.101357 9.226300 -0.081340 0.099934 0.991664 1.577100 0.000000 0.000000 0.000000 1.000000</float_array><technique_common><accessor source="#swat_Spine-Matrix-animation-output-transform-array" count="58" stride="16"><param type="float4x4"/></accessor></technique_common></source><source id="swat_Spine-Interpolations"><Name_array id="swat_Spine-Interpolations-array" count="58">
 LINEAR LINEAR LINEAR LINEAR LINEAR LINEAR LINEAR LINEAR LINEAR LINEAR LINEAR
LINEAR LINEAR LINEAR LINEAR LINEAR LINEAR LINEAR LINEAR LINEAR LINEAR LINEAR LINEAR
LINEAR LINEAR LINEAR LINEAR LINEAR LINEAR LINEAR LINEAR LINEAR LINEAR LINEAR LINEAR
LINEAR LINEAR LINEAR LINEAR LINEAR LINEAR LINEAR LINEAR LINEAR LINEAR LINEAR LINEAR
LINEAR LINEAR LINEAR LINEAR LINEAR LINEAR LINEAR LINEAR LINEAR LINEAR LINEAR</Name_array><technique_common><accessor source="#swat_Spine-Interpolations-array" count="58"><param type="name"/></accessor></technique_common></source><sampler id="swat_Spine-Matrix-animation-transform"><input semantic="INPUT" source="#swat_Spine-Matrix-animation-input"/><input semantic="OUTPUT" source="#swat_Spine-Matrix-animation-output-transform"/><input semantic="INTERPOLATION" source="#swat_Spine-Interpolations"/></sampler><channel source="#swat_Spine-Matrix-animation-transform" target="swat_Spine/matrix"/></animation>
    <animation id="swat_Spine1-anim" name="swat_Spine1"><source id="swat_Spine1-Matrix-animation-input"><float_array id="swat_Spine1-Matrix-animation-input-array" count="58">

0.000000 0.033333 0.066667 0.100000 0.133333 0.166667 0.200000 0.233333 0.266667 0.300000 0.333333 0.366667 0.400000 0.433333 0.466667 0.500000
0.533333 0.566667 0.600000 0.633333 0.666667 0.700000 0.733333 0.766667 0.800000 0.833333 0.866667 0.900000 0.933333 0.966667 1.000000 1.033333
1.066667 1.100000 1.133333 1.166667 1.200000 1.233333 1.266667 1.300000 1.333333 1.366667 1.400000 1.433333 1.466667 1.500000 1.533333 1.566667
1.600000 1.633333 1.666667 1.700000 1.733333 1.766667 1.800000 1.833333 1.866667 1.900000</float_array><technique_common><accessor source="#swat_Spine1-Matrix-animation-input-array" count="58"><param name="TIME" type="float"/></accessor></technique_common></source><source id="swat_Spine1-Matrix-animation-output-transform"><float_array id="swat_Spine1-Matrix-animation-output-transform-array" count="928">

0.986175 0.053057 0.156981 -0.000000 -0.020419 0.979043 -0.202627 16.254000 -0.164442 0.196621 0.966592 -0.165600 0.000000 0.000000 0.000000 1.000000
0.987893 0.052325 0.146045 0.000000 -0.021863 0.978965 -0.202855 16.254000 -0.153588 0.197206 0.968256 -0.165600 0.000000 0.000000 0.000000 1.000000
0.990315 0.049626 0.129667 0.000000 -0.021861 0.978024 -0.207345 16.254000 -0.137107 0.202502 0.969636 -0.165600 0.000000 0.000000 0.000000 1.000000
0.992059 0.045805 0.117137 -0.000000 -0.020008 0.976942 -0.212566 16.254000 -0.124172 0.208534 0.970100 -0.165600 0.000000 0.000000 0.000000 1.000000
0.993670 0.038316 0.105598 0.000000 -0.014025 0.974990 -0.221807 16.254000 -0.111456 0.218922 0.969356 -0.165600 0.000000 0.000000 0.000000 1.000000
0.995539 0.028935 0.089809 0.000000 -0.007025 0.971907 -0.235261 16.254000 -0.094093 0.233581 0.967774 -0.165600 0.000000 0.000000 0.000000 1.000000
0.997776 0.019782 0.063660 0.000000 -0.003139 0.967837 -0.251558 16.254000 -0.066589 0.250798 0.965746 -0.165600 0.000000 0.000000 0.000000 1.000000
0.999319 0.010988 0.035227 -0.000000 -0.000864 0.961339 -0.275366 16.254000 -0.036891 0.275148 0.960694 -0.165600 0.000000 0.000000 0.000000 1.000000
0.999785 0.007606 0.019269 0.000000 -0.001577 0.955400 -0.295310 16.254000 -0.020656 0.295216 0.955207 -0.165600 0.000000 0.000000 0.000000 1.000000
0.999904 0.006426 0.012288 0.000000 -0.002360 0.952088 -0.305814 16.254000 -0.013664 0.305755 0.952012 -0.165600 0.000000 0.000000 0.000000 1.000000
0.999960 -0.000789 0.008886 0.000000 0.003541 0.949347 -0.314211 16.254000 -0.008188 0.314230 0.949312 -0.165600 0.000000 0.000000 0.000000 1.000000
0.999831 -0.002889 0.018136 -0.000000 0.008286 0.952297 -0.305060 16.254000 -0.016390 0.305159 0.952160 -0.165600 0.000000 0.000000 0.000000 1.000000
0.999711 -0.000481 0.024039 0.000000 0.007121 0.960866 -0.276921 16.254000 -0.022965 0.277012 0.960592 -0.165600 0.000000 0.000000 0.000000 1.000000
0.999663 -0.001159 0.025952 -0.000000 0.007768 0.966635 -0.256042 16.254000 -0.024790 0.256157 0.966317 -0.165600 0.000000 0.000000 0.000000 1.000000
0.999201 0.008112 0.039139 0.000000 0.001673 0.969848 -0.243704 16.254000 -0.039936 0.243575 0.969060 -0.165600 0.000000 0.000000 0.000000 1.000000
0.998216 0.024694 0.054359 0.000000 -0.012547 0.976891 -0.213372 16.254000 -0.058372 0.212309 0.975458 -0.165600 0.000000 0.000000 0.000000 1.000000
0.997168 0.039253 0.064147 -0.000000 -0.027185 0.983436 -0.179207 16.254000 -0.070119 0.176956 0.981718 -0.165600 0.000000 0.000000 0.000000 1.000000
0.996218 0.051602 0.069904 0.000000 -0.038432 0.983257 -0.178124 16.254000 -0.077925 0.174764 0.981522 -0.165600 0.000000 0.000000 0.000000 1.000000
0.995415 0.065536 0.069675 -0.000000 -0.050600 0.978921 -0.197872 16.254000 -0.081174 0.193439 0.977748 -0.165600 0.000000 0.000000 0.000000 1.000000
0.995189 0.075684 0.062215 0.000000 -0.060147 0.973233 -0.221810 16.254000 -0.077337 0.217001 0.973103 -0.165600 0.000000 0.000000 0.000000 1.000000
0.994873 0.090951 0.044226 -0.000000 -0.076802 0.963961 -0.254716 16.254000 -0.065799 0.250014 0.966004 -0.165600 0.000000 0.000000 0.000000 1.000000
0.994437 0.103585 0.019130 0.000000 -0.093156 0.949597 -0.299313 16.254000 -0.049170 0.295866 0.953963 -0.165600 0.000000 0.000000 0.000000 1.000000
0.993289 0.115646 -0.001966 0.000000 -0.108471 0.925495 -0.362896 16.254000 -0.040148 0.360674 0.931827 -0.165600 0.000000 0.000000 0.000000 1.000000
0.992022 0.125018 -0.016181 -0.000000 -0.119815 0.895172 -0.429316 16.254000 -0.039187 0.427829 0.903010 -0.165600 0.000000 0.000000 0.000000 1.000000
0.991996 0.123694 -0.025365 -0.000000 -0.120751 0.870589 -0.476963 16.254000 -0.036915 0.476209 0.878557 -0.165600 0.000000 0.000000 0.000000 1.000000
0.993111 0.113032 -0.030903 0.000000 -0.113542 0.862998 -0.492282 16.254000 -0.028974 0.492400 0.869887 -0.165600 0.000000 0.000000 0.000000 1.000000
0.994725 0.097623 -0.031488 -0.000000 -0.100736 0.871840 -0.479321 16.254000 -0.019340 0.479964 0.877075 -0.165600 0.000000 0.000000 0.000000 1.000000
0.996370 0.079551 -0.030297 -0.000000 -0.084700 0.890960 -0.446112 16.254000 -0.008495 0.447059 0.894464 -0.165600 0.000000 0.000000 0.000000 1.000000
0.997607 0.060529 -0.033417 0.000000 -0.068822 0.915652 -0.396037 16.254000 0.006627 0.397389 0.917626 -0.165600 0.000000 0.000000 0.000000 1.000000
0.998355 0.043383 -0.037489 0.000000 -0.053417 0.941338 -0.333210 16.254000 0.020834 0.334664 0.942107 -0.165600 0.000000 0.000000 0.000000 1.000000
0.998999 0.031946 -0.031320 0.000000 -0.039232 0.962032 -0.270102 16.254000 0.021502 0.271061 0.962322 -0.165600 0.000000 0.000000 0.000000 1.000000
0.999489 0.024379 -0.020664 0.000000 -0.028379 0.974397 -0.223034 16.254000 0.014698 0.223507 0.974592 -0.165600 0.000000 0.000000 0.000000 1.000000
0.999787 0.017580 -0.010856 0.000000 -0.019321 0.981655 -0.189684 16.254000 0.007322 0.189853 0.981785 -0.165600 0.000000 0.000000 0.000000 1.000000
0.999886 0.013844 -0.005992 -0.000000 -0.014707 0.983035 -0.182828 16.254000 0.003359 0.182896 0.983127 -0.165600 0.000000 0.000000 0.000000 1.000000
0.999913 0.013201 0.000397 0.000000 -0.012855 0.979739 -0.199867 16.254000 -0.003027 0.199844 0.979823 -0.165600 0.000000 0.000000 0.000000 1.000000
0.999769 0.016359 0.013933 -0.000000 -0.012600 0.971534 -0.236567 16.254000 -0.017406 0.236337 0.971515 -0.165600 0.000000 0.000000 0.000000 1.000000
0.999752 0.013636 0.017593 -0.000000 -0.008200 0.960423 -0.278425 16.254000 -0.020693 0.278212 0.960297 -0.165600 0.000000 0.000000 0.000000 1.000000
0.999700 -0.000821 0.024494 -0.000000 0.008743 0.945616 -0.325167 16.254000 -0.022895 0.325284 0.945339 -0.165600 0.000000 0.000000 0.000000 1.000000
0.999241 -0.017691 0.034702 0.000000 0.029301 0.928396 -0.370435 16.254000 -0.025664 0.371170 0.928210 -0.165600 0.000000 0.000000 0.000000 1.000000
0.998493 -0.034458 0.042707 0.000000 0.048744 0.914402 -0.401861 16.254000 -0.025204 0.403337 0.914704 -0.165600 0.000000 0.000000 0.000000 1.000000
0.997248 -0.050092 0.054649 0.000000 0.068671 0.901906 -0.426438 16.254000 -0.027927 0.429017 0.902865 -0.165600 0.000000 0.000000 0.000000 1.000000
0.995982 -0.058510 0.067796 -0.000000 0.082581 0.892917 -0.442583 16.254000 -0.034641 0.446403 0.894161 -0.165600 0.000000 0.000000 0.000000 1.000000
0.995138 -0.061390 0.077021 -0.000000 0.089077 0.894631 -0.437836 16.254000 -0.042027 0.442568 0.895750 -0.165600 0.000000 0.000000 0.000000 1.000000
0.994354 -0.061235 0.086664 0.000000 0.092114 0.903559 -0.418445 16.254000 -0.052682 0.424066 0.904098 -0.165600 0.000000 0.000000 0.000000 1.000000
0.994146 -0.052418 0.094478 0.000000 0.085660 0.915313 -0.393529 16.254000 -0.065849 0.399319 0.914444 -0.165600 0.000000 0.000000 0.000000 1.000000
0.994100 -0.039886 0.100870 0.000000 0.074221 0.928278 -0.364406 16.254000 -0.079101 0.369743 0.925761 -0.165600 0.000000 0.000000 0.000000 1.000000
0.993590 -0.027860 0.109559 0.000000 0.063369 0.939834 -0.335703 16.254000 -0.093614 0.340493 0.935575 -0.165600 0.000000 0.000000 0.000000 1.000000
0.992616 -0.014317 0.120448 0.000000 0.051476 0.948875 -0.311428 16.254000 -0.109831 0.315328 0.942606 -0.165600 0.000000 0.000000 0.000000 1.000000
0.991327 -0.000806 0.131419 0.000000 0.038952 0.956851 -0.287955 16.254000 -0.125517 0.290577 0.948584 -0.165600 0.000000 0.000000 0.000000 1.000000
0.990060 0.011124 0.140205 0.000000 0.026346 0.964552 -0.262576 16.254000 -0.138156 0.263660 0.954671 -0.165600 0.000000 0.000000 0.000000 1.000000
0.988788 0.022652 0.147597 -0.000000 0.013477 0.970856 -0.239285 16.254000 -0.148716 0.238592 0.959665 -0.165600 0.000000 0.000000 0.000000 1.000000
0.987693 0.032286 0.153034 0.000000 0.002964 0.974421 -0.224711 16.254000 -0.156375 0.222399 0.962333 -0.165600 0.000000 0.000000 0.000000 1.000000
0.987040 0.039270 0.155592 0.000000 -0.004556 0.976061 -0.217448 16.254000 -0.160407 0.213921 0.963591 -0.165600 0.000000 0.000000 0.000000 1.000000
0.986664 0.044542 0.156559 0.000000 -0.010222 0.976887 -0.213511 16.254000 -0.162450 0.209063 0.964315 -0.165600 0.000000 0.000000 0.000000 1.000000
0.986395 0.048694 0.157016 0.000000 -0.014913 0.977692 -0.209513 16.254000 -0.163715 0.204321 0.965117 -0.165600 0.000000 0.000000 0.000000 1.000000
0.986193 0.051645 0.157338 0.000000 -0.018375 0.978384 -0.205976 16.254000 -0.164575 0.200241 0.965825 -0.165600 0.000000 0.000000 0.000000 1.000000
0.986106 0.053164 0.157377 0.000000 -0.020227 0.978781 -0.203906 16.254000 -0.164878 0.197890 0.966258 -0.165600 0.000000 0.000000 0.000000 1.000000
0.986177 0.053091 0.156961 0.000000 -0.020456 0.979041 -0.202631 16.254000 -0.164429 0.196620 0.966594 -0.165600 0.000000 0.000000 0.000000 1.000000</float_array><technique_common><accessor source="#swat_Spine1-Matrix-animation-output-transform-array" count="58" stride="16"><param type="float4x4"/></accessor></technique_common></source><source id="swat_Spine1-Interpolations"><Name_array id="swat_Spine1-Interpolations-array" count="58">
 LINEAR LINEAR LINEAR LINEAR LINEAR LINEAR LINEAR LINEAR LINEAR LINEAR LINEAR
LINEAR LINEAR LINEAR LINEAR LINEAR LINEAR LINEAR LINEAR LINEAR LINEAR LINEAR LINEAR
LINEAR LINEAR LINEAR LINEAR LINEAR LINEAR LINEAR LINEAR LINEAR LINEAR LINEAR LINEAR
LINEAR LINEAR LINEAR LINEAR LINEAR LINEAR LINEAR LINEAR LINEAR LINEAR LINEAR LINEAR
LINEAR LINEAR LINEAR LINEAR LINEAR LINEAR LINEAR LINEAR LINEAR LINEAR LINEAR</Name_array><technique_common><accessor source="#swat_Spine1-Interpolations-array" count="58"><param type="name"/></accessor></technique_common></source><sampler id="swat_Spine1-Matrix-animation-transform"><input semantic="INPUT" source="#swat_Spine1-Matrix-animation-input"/><input semantic="OUTPUT" source="#swat_Spine1-Matrix-animation-output-transform"/><input semantic="INTERPOLATION" source="#swat_Spine1-Interpolations"/></sampler><channel source="#swat_Spine1-Matrix-animation-transform" target="swat_Spine1/matrix"/></animation>
    <animation id="swat_Spine2-anim" name="swat_Spine2"><source id="swat_Spine2-Matrix-animation-input"><float_array id="swat_Spine2-Matrix-animation-input-array" count="58">

0.000000 0.033333 0.066667 0.100000 0.133333 0.166667 0.200000 0.233333 0.266667 0.300000 0.333333 0.366667 0.400000 0.433333 0.466667 0.500000
0.533333 0.566667 0.600000 0.633333 0.666667 0.700000 0.733333 0.766667 0.800000 0.833333 0.866667 0.900000 0.933333 0.966667 1.000000 1.033333
1.066667 1.100000 1.133333 1.166667 1.200000 1.233333 1.266667 1.300000 1.333333 1.366667 1.400000 1.433333 1.466667 1.500000 1.533333 1.566667
1.600000 1.633333 1.666667 1.700000 1.733333 1.766667 1.800000 1.833333 1.866667 1.900000</float_array><technique_common><accessor source="#swat_Spine2-Matrix-animation-input-array" count="58"><param name="TIME" type="float"/></accessor></technique_common></source><source id="swat_Spine2-Matrix-animation-output-transform"><float_array id="swat_Spine2-Matrix-animation-output-transform-array" count="928">

0.986175 0.053057 0.156981 0.000000 -0.020419 0.979043 -0.202627 13.639600 -0.164442 0.196621 0.966592 -1.292300 0.000000 0.000000 0.000000 1.000000
0.987893 0.052325 0.146046 0.000000 -0.021863 0.978965 -0.202855 13.639600 -0.153588 0.197206 0.968256 -1.292300 0.000000 0.000000 0.000000 1.000000
0.990315 0.049625 0.129667 0.000000 -0.021861 0.978024 -0.207345 13.639600 -0.137107 0.202502 0.969636 -1.292300 0.000000 0.000000 0.000000 1.000000
0.992059 0.045805 0.117137 -0.000000 -0.020008 0.976942 -0.212566 13.639600 -0.124173 0.208534 0.970100 -1.292300 0.000000 0.000000 0.000000 1.000000
0.993670 0.038316 0.105598 0.000000 -0.014025 0.974990 -0.221807 13.639600 -0.111455 0.218922 0.969356 -1.292300 0.000000 0.000000 0.000000 1.000000
0.995539 0.028934 0.089809 0.000000 -0.007024 0.971907 -0.235261 13.639600 -0.094093 0.233581 0.967774 -1.292300 0.000000 0.000000 0.000000 1.000000
0.997776 0.019782 0.063661 -0.000000 -0.003139 0.967837 -0.251557 13.639600 -0.066589 0.250798 0.965746 -1.292300 0.000000 0.000000 0.000000 1.000000
0.999319 0.010988 0.035227 0.000000 -0.000864 0.961339 -0.275367 13.639600 -0.036891 0.275149 0.960694 -1.292300 0.000000 0.000000 0.000000 1.000000
0.999785 0.007606 0.019268 0.000000 -0.001577 0.955400 -0.295310 13.639600 -0.020655 0.295216 0.955207 -1.292300 0.000000 0.000000 0.000000 1.000000
0.999904 0.006426 0.012288 0.000000 -0.002360 0.952089 -0.305814 13.639600 -0.013665 0.305755 0.952012 -1.292300 0.000000 0.000000 0.000000 1.000000
0.999960 -0.000789 0.008886 0.000000 0.003541 0.949347 -0.314211 13.639600 -0.008188 0.314230 0.949312 -1.292300 0.000000 0.000000 0.000000 1.000000
0.999831 -0.002889 0.018136 0.000000 0.008286 0.952297 -0.305061 13.639600 -0.016390 0.305159 0.952160 -1.292300 0.000000 0.000000 0.000000 1.000000
0.999711 -0.000481 0.024039 0.000000 0.007122 0.960866 -0.276921 13.639600 -0.022965 0.277012 0.960592 -1.292300 0.000000 0.000000 0.000000 1.000000
0.999663 -0.001159 0.025952 0.000000 0.007768 0.966635 -0.256042 13.639600 -0.024790 0.256157 0.966317 -1.292300 0.000000 0.000000 0.000000 1.000000
0.999201 0.008112 0.039139 -0.000000 0.001673 0.969848 -0.243704 13.639600 -0.039936 0.243575 0.969060 -1.292300 0.000000 0.000000 0.000000 1.000000
0.998216 0.024694 0.054359 0.000000 -0.012547 0.976891 -0.213372 13.639600 -0.058372 0.212309 0.975458 -1.292300 0.000000 0.000000 0.000000 1.000000
0.997168 0.039253 0.064147 0.000000 -0.027185 0.983436 -0.179207 13.639600 -0.070119 0.176956 0.981718 -1.292300 0.000000 0.000000 0.000000 1.000000
0.996218 0.051602 0.069903 0.000000 -0.038432 0.983257 -0.178124 13.639600 -0.077925 0.174763 0.981522 -1.292300 0.000000 0.000000 0.000000 1.000000
0.995415 0.065536 0.069675 0.000000 -0.050600 0.978921 -0.197872 13.639600 -0.081174 0.193439 0.977748 -1.292300 0.000000 0.000000 0.000000 1.000000
0.995189 0.075684 0.062215 0.000000 -0.060148 0.973233 -0.221810 13.639600 -0.077337 0.217001 0.973103 -1.292300 0.000000 0.000000 0.000000 1.000000
0.994873 0.090951 0.044226 -0.000000 -0.076802 0.963961 -0.254716 13.639600 -0.065799 0.250013 0.966004 -1.292300 0.000000 0.000000 0.000000 1.000000
0.994437 0.103585 0.019130 0.000000 -0.093156 0.949597 -0.299313 13.639600 -0.049170 0.295866 0.953963 -1.292300 0.000000 0.000000 0.000000 1.000000
0.993289 0.115646 -0.001966 0.000000 -0.108471 0.925494 -0.362897 13.639600 -0.040148 0.360674 0.931827 -1.292300 0.000000 0.000000 0.000000 1.000000
0.992022 0.125018 -0.016181 0.000000 -0.119815 0.895172 -0.429316 13.639600 -0.039188 0.427829 0.903010 -1.292300 0.000000 0.000000 0.000000 1.000000
0.991996 0.123694 -0.025365 0.000000 -0.120751 0.870589 -0.476963 13.639600 -0.036915 0.476208 0.878557 -1.292300 0.000000 0.000000 0.000000 1.000000
0.993111 0.113032 -0.030903 -0.000000 -0.113542 0.862999 -0.492282 13.639600 -0.028974 0.492399 0.869887 -1.292300 0.000000 0.000000 0.000000 1.000000
0.994725 0.097623 -0.031488 0.000000 -0.100736 0.871840 -0.479321 13.639600 -0.019340 0.479964 0.877075 -1.292300 0.000000 0.000000 0.000000 1.000000
0.996370 0.079551 -0.030297 0.000000 -0.084700 0.890960 -0.446112 13.639600 -0.008495 0.447059 0.894464 -1.292300 0.000000 0.000000 0.000000 1.000000
0.997607 0.060529 -0.033417 -0.000000 -0.068822 0.915652 -0.396037 13.639600 0.006627 0.397389 0.917626 -1.292300 0.000000 0.000000 0.000000 1.000000
0.998355 0.043383 -0.037489 -0.000000 -0.053417 0.941338 -0.333210 13.639600 0.020834 0.334665 0.942107 -1.292300 0.000000 0.000000 0.000000 1.000000
0.998999 0.031946 -0.031320 0.000000 -0.039232 0.962032 -0.270102 13.639600 0.021502 0.271061 0.962322 -1.292300 0.000000 0.000000 0.000000 1.000000
0.999489 0.024379 -0.020664 0.000000 -0.028379 0.974397 -0.223034 13.639600 0.014698 0.223507 0.974592 -1.292300 0.000000 0.000000 0.000000 1.000000
0.999787 0.017580 -0.010856 -0.000000 -0.019321 0.981655 -0.189684 13.639600 0.007322 0.189853 0.981785 -1.292300 0.000000 0.000000 0.000000 1.000000
0.999886 0.013844 -0.005992 0.000000 -0.014707 0.983035 -0.182828 13.639600 0.003359 0.182896 0.983127 -1.292300 0.000000 0.000000 0.000000 1.000000
0.999913 0.013201 0.000396 0.000000 -0.012855 0.979739 -0.199867 13.639600 -0.003027 0.199844 0.979823 -1.292300 0.000000 0.000000 0.000000 1.000000
0.999769 0.016359 0.013933 0.000000 -0.012600 0.971534 -0.236567 13.639600 -0.017406 0.236337 0.971515 -1.292300 0.000000 0.000000 0.000000 1.000000
0.999752 0.013636 0.017592 0.000000 -0.008200 0.960423 -0.278425 13.639600 -0.020693 0.278212 0.960297 -1.292300 0.000000 0.000000 0.000000 1.000000
0.999700 -0.000821 0.024494 0.000000 0.008743 0.945616 -0.325167 13.639600 -0.022895 0.325284 0.945339 -1.292300 0.000000 0.000000 0.000000 1.000000
0.999241 -0.017691 0.034702 0.000000 0.029301 0.928396 -0.370435 13.639600 -0.025664 0.371170 0.928210 -1.292300 0.000000 0.000000 0.000000 1.000000
