<?xml version="1.0" encoding="utf-8"?>
<COLLADA xmlns="http://www.collada.org/2005/11/COLLADASchema" version="1.4.1">
  <asset><contributor><author>Mixamo</author><authoring_tool>COLLADA Mixamo exporter</authoring_tool><comments></comments></contributor><created>2018-12-08T13:36:10Z</created><modified>2018-12-08T13:36:10Z</modified><revision></revision><title></title><unit meter="0.010000"/><up_axis>Y_UP</up_axis></asset>
  <library_animations>
    <animation id="swat_Hips-anim" name="swat_Hips"><source id="swat_Hips-Matrix-animation-input"><float_array id="swat_Hips-Matrix-animation-input-array" count="29">

0.000000 0.033333 0.066667 0.100000 0.133333 0.166667 0.200000 0.233333 0.266667 0.300000 0.333333 0.366667 0.400000 0.433333 0.466667 0.500000
0.533333 0.566667 0.600000 0.633333 0.666667 0.700000 0.733333 0.766667 0.800000 0.833333 0.866667 0.900000 0.933333</float_array><technique_common><accessor source="#swat_Hips-Matrix-animation-input-array" count="29"><param name="TIME" type="float"/></accessor></technique_common></source><source id="swat_Hips-Matrix-animation-output-transform"><float_array id="swat_Hips-Matrix-animation-output-transform-array" count="464">

0.992449 0.061048 -0.106387 0.025461 -0.054303 0.996394 0.065192 95.571213 0.109983 -0.058923 0.992185 0.012388 0.000000 0.000000 0.000000 1.000000
0.997878 0.052017 -0.039155 -0.139682 -0.049968 0.997416 0.051613 95.449394 0.041738 -0.049547 0.997899 -0.731510 0.000000 0.000000 0.000000 1.000000
0.998328 0.046326 0.034565 -0.469020 -0.047760 0.997981 0.041868 95.268776 -0.032555 -0.043449 0.998525 -1.506996 0.000000 0.000000 0.000000 1.000000
0.993421 0.039787 0.107386 -0.973225 -0.043896 0.998381 0.036173 95.251801 -0.105773 -0.040649 0.993559 -2.401481 0.000000 0.000000 0.000000 1.000000
0.984378 0.031641 0.173202 -1.635288 -0.038091 0.998694 0.034040 95.417847 -0.171899 -0.040106 0.984298 -3.355992 0.000000 0.000000 0.000000 1.000000
0.972796 0.025185 0.230289 -2.363774 -0.034066 0.998818 0.034671 95.537437 -0.229144 -0.041573 0.972504 -4.293615 0.000000 0.000000 0.000000 1.000000
0.960047 0.023988 0.278807 -3.060853 -0.035678 0.998681 0.036928 95.476746 -0.277554 -0.045400 0.959637 -5.176382 0.000000 0.000000 0.000000 1.000000
0.946406 0.026500 0.321891 -3.691912 -0.041277 0.998380 0.039168 95.306458 -0.320331 -0.050355 0.945966 -6.025622 0.000000 0.000000 0.000000 1.000000
0.930411 0.029230 0.365350 -4.242590 -0.047607 0.998008 0.041392 95.105011 -0.363412 -0.055905 0.929950 -6.861573 0.000000 0.000000 0.000000 1.000000
0.911786 0.030176 0.409555 -4.672690 -0.053589 0.997512 0.045806 94.931419 -0.407154 -0.063713 0.911135 -7.648087 0.000000 0.000000 0.000000 1.000000
0.893064 0.028032 0.449056 -4.911065 -0.057865 0.996925 0.052849 94.861366 -0.446193 -0.073182 0.891939 -8.366469 0.000000 0.000000 0.000000 1.000000
0.876372 0.023041 0.481084 -4.870784 -0.059412 0.996398 0.060508 94.886009 -0.477957 -0.081610 0.874584 -9.062533 0.000000 0.000000 0.000000 1.000000
0.860227 0.015550 0.509674 -4.637897 -0.057767 0.996072 0.067110 94.919502 -0.506628 -0.087173 0.857746 -9.779098 0.000000 0.000000 0.000000 1.000000
0.840332 0.003697 0.542060 -4.471895 -0.050966 0.996086 0.072218 94.808090 -0.539671 -0.088314 0.837231 -10.443495 0.000000 0.000000 0.000000 1.000000
0.813621 -0.006453 0.581360 -4.442054 -0.048119 0.995760 0.078396 94.615326 -0.579401 -0.091759 0.809861 -10.948539 0.000000 0.000000 0.000000 1.000000
0.778346 -0.013275 0.627695 -4.460967 -0.052413 0.994913 0.086034 94.518562 -0.625644 -0.099864 0.773690 -11.267521 0.000000 0.000000 0.000000 1.000000
0.731399 -0.017340 0.681730 -4.526966 -0.061223 0.993970 0.090964 94.619720 -0.679197 -0.108269 0.725927 -11.346522 0.000000 0.000000 0.000000 1.000000
0.674646 -0.023667 0.737762 -4.597420 -0.067110 0.993380 0.093235 94.810257 -0.735084 -0.112412 0.668592 -11.150621 0.000000 0.000000 0.000000 1.000000
0.612795 -0.032436 0.789576 -4.555792 -0.070850 0.992878 0.095775 95.036995 -0.787060 -0.114631 0.606133 -10.734894 0.000000 0.000000 0.000000 1.000000
0.543358 -0.039416 0.838575 -4.420981 -0.077100 0.992333 0.096600 95.302826 -0.835953 -0.117143 0.536153 -10.136995 0.000000 0.000000 0.000000 1.000000
0.461070 -0.047025 0.886117 -4.196769 -0.081289 0.992158 0.094950 95.480560 -0.883632 -0.115810 0.453632 -9.353304 0.000000 0.000000 0.000000 1.000000
0.366623 -0.058037 0.928558 -3.818215 -0.079494 0.992449 0.093417 95.507622 -0.926967 -0.108063 0.359241 -8.383418 0.000000 0.000000 0.000000 1.000000
0.264293 -0.071196 0.961811 -3.241054 -0.072940 0.992940 0.093543 95.350121 -0.961680 -0.094878 0.257234 -7.222271 0.000000 0.000000 0.000000 1.000000
0.153444 -0.082855 0.984678 -2.515698 -0.061694 0.993731 0.093230 95.016510 -0.986230 -0.075055 0.147370 -5.926717 0.000000 0.000000 0.000000 1.000000
0.030908 -0.088160 0.995627 -1.810841 -0.053504 0.994529 0.089724 94.835480 -0.998089 -0.056043 0.026022 -4.671040 0.000000 0.000000 0.000000 1.000000
-0.098176 -0.090514 0.991044 -1.201076 -0.049295 0.995075 0.085999 94.939636 -0.993947 -0.040410 -0.102154 -3.518939 0.000000 0.000000 0.000000 1.000000
-0.222766 -0.092269 0.970496 -0.666623 -0.047912 0.995344 0.083634 95.215157 -0.973694 -0.027868 -0.226149 -2.373352 0.000000 0.000000 0.000000 1.000000
-0.336955 -0.090348 0.937176 -0.243617 -0.050560 0.995685 0.077811 95.452827 -0.940162 -0.021165 -0.340069 -1.195824 0.000000 0.000000 0.000000 1.000000
-0.441424 -0.082517 0.893496 -0.003263 -0.054303 0.996394 0.065193 95.571205 -0.895654 -0.019742 -0.444313 -0.028125 0.000000 0.000000 0.000000 1.000000</float_array><technique_common><accessor source="#swat_Hips-Matrix-animation-output-transform-array" count="29" stride="16"><param type="float4x4"/></accessor></technique_common></source><source id="swat_Hips-Interpolations"><Name_array id="swat_Hips-Interpolations-array" count="29">
 LINEAR LINEAR LINEAR LINEAR LINEAR LINEAR LINEAR LINEAR LINEAR LINEAR LINEAR
LINEAR LINEAR LINEAR LINEAR LINEAR LINEAR LINEAR LINEAR LINEAR LINEAR LINEAR LINEAR
LINEAR LINEAR LINEAR LINEAR LINEAR LINEAR</Name_array><technique_common><accessor source="#swat_Hips-Interpolations-array" count="29"><param type="name"/></accessor></technique_common></source><sampler id="swat_Hips-Matrix-animation-transform"><input semantic="INPUT" source="#swat_Hips-Matrix-animation-input"/><input semantic="OUTPUT" source="#swat_Hips-Matrix-animation-output-transform"/><input semantic="INTERPOLATION" source="#swat_Hips-Interpolations"/></sampler><channel source="#swat_Hips-Matrix-animation-transform" target="swat_Hips/matrix"/></animation>
    <animation id="swat_Spine-anim" name="swat_Spine"><source id="swat_Spine-Matrix-animation-input"><float_array id="swat_Spine-Matrix-animation-input-array" count="29">

0.000000 0.033333 0.066667 0.100000 0.133333 0.166667 0.200000 0.233333 0.266667 0.300000 0.333333 0.366667 0.400000 0.433333 0.466667 0.500000
0.533333 0.566667 0.600000 0.633333 0.666667 0.700000 0.733333 0.766667 0.800000 0.833333 0.866667 0.900000 0.933333</float_array><technique_common><accessor source="#swat_Spine-Matrix-animation-input-array" count="29"><param name="TIME" type="float"/></accessor></technique_common></source><source id="swat_Spine-Matrix-animation-output-transform"><float_array id="swat_Spine-Matrix-animation-output-transform-array" count="464">

0.998740 -0.042462 0.026756 -0.000000 0.043948 0.997370 -0.057629 9.226300 -0.024239 0.058732 0.997979 1.577100 0.000000 0.000000 0.000000 1.000000
0.998512 -0.045050 0.030742 0.000000 0.046820 0.997129 -0.059509 9.226300 -0.027973 0.060860 0.997754 1.577100 0.000000 0.000000 0.000000 1.000000
0.998215 -0.049140 0.033933 -0.000000 0.051162 0.996792 -0.061543 9.226300 -0.030800 0.063170 0.997527 1.577100 0.000000 0.000000 0.000000 1.000000
0.998136 -0.048646 0.036857 -0.000000 0.050929 0.996664 -0.063770 9.226300 -0.033632 0.065528 0.997284 1.577100 0.000000 0.000000 0.000000 1.000000
0.998323 -0.041980 0.039859 0.000000 0.044546 0.996836 -0.065833 9.226300 -0.036969 0.067499 0.997034 1.577100 0.000000 0.000000 0.000000 1.000000
0.998497 -0.033584 0.043309 0.000000 0.036433 0.997104 -0.066758 9.226300 -0.040941 0.068236 0.996829 1.577100 0.000000 0.000000 0.000000 1.000000
0.998422 -0.029597 0.047732 0.000000 0.032705 0.997304 -0.065688 9.226300 -0.045659 0.067146 0.996698 1.577100 0.000000 0.000000 0.000000 1.000000
0.998224 -0.029596 0.051697 0.000000 0.032825 0.997487 -0.062780 9.226300 -0.049710 0.064365 0.996688 1.577100 0.000000 0.000000 0.000000 1.000000
0.998124 -0.030451 0.053114 -0.000000 0.033588 0.997681 -0.059198 9.226300 -0.051188 0.060871 0.996832 1.577100 0.000000 0.000000 0.000000 1.000000
0.998051 -0.031335 0.053963 -0.000000 0.034372 0.997821 -0.056310 9.226300 -0.052081 0.058055 0.996954 1.577100 0.000000 0.000000 0.000000 1.000000
0.997898 -0.030791 0.057018 -0.000000 0.033883 0.997962 -0.054067 9.226300 -0.055237 0.055886 0.996908 1.577100 0.000000 0.000000 0.000000 1.000000
0.997619 -0.029813 0.062183 -0.000000 0.033021 0.998141 -0.051220 9.226300 -0.060540 0.053152 0.996750 1.577100 0.000000 0.000000 0.000000 1.000000
0.997353 -0.030779 0.065872 -0.000000 0.034003 0.998249 -0.048392 9.226300 -0.064267 0.050503 0.996654 1.577100 0.000000 0.000000 0.000000 1.000000
0.997512 -0.028175 0.064626 0.000000 0.031284 0.998376 -0.047610 9.226300 -0.063179 0.049513 0.996773 1.577100 0.000000 0.000000 0.000000 1.000000
0.997864 -0.026537 0.059685 -0.000000 0.029486 0.998360 -0.049079 9.226300 -0.058285 0.050734 0.997010 1.577100 0.000000 0.000000 0.000000 1.000000
0.998121 -0.029842 0.053507 0.000000 0.032594 0.998150 -0.051315 9.226300 -0.051877 0.052962 0.997248 1.577100 0.000000 0.000000 0.000000 1.000000
0.998243 -0.036309 0.046823 0.000000 0.038745 0.997885 -0.052200 9.226300 -0.044828 0.053922 0.997538 1.577100 0.000000 0.000000 0.000000 1.000000
0.998415 -0.037570 0.041901 -0.000000 0.039791 0.997774 -0.053514 9.226300 -0.039797 0.055096 0.997688 1.577100 0.000000 0.000000 0.000000 1.000000
0.998591 -0.034916 0.039962 0.000000 0.037154 0.997699 -0.056711 9.226300 -0.037890 0.058115 0.997591 1.577100 0.000000 0.000000 0.000000 1.000000
0.998726 -0.033727 0.037523 0.000000 0.035926 0.997578 -0.059567 9.226300 -0.035423 0.060839 0.997519 1.577100 0.000000 0.000000 0.000000 1.000000
0.998997 -0.031747 0.031573 0.000000 0.033652 0.997524 -0.061748 9.226300 -0.029534 0.062749 0.997592 1.577100 0.000000 0.000000 0.000000 1.000000
0.999380 -0.026088 0.023655 -0.000000 0.027560 0.997556 -0.064207 9.226300 -0.021922 0.064819 0.997656 1.577100 0.000000 0.000000 0.000000 1.000000
0.999733 -0.016380 0.016293 0.000000 0.017423 0.997662 -0.066088 9.226300 -0.015172 0.066355 0.997681 1.577100 0.000000 0.000000 0.000000 1.000000
0.999956 -0.002685 0.008974 0.000000 0.003271 0.997816 -0.065971 9.226300 -0.008777 0.065998 0.997781 1.577100 0.000000 0.000000 0.000000 1.000000
0.999995 0.002691 0.001416 0.000000 -0.002594 0.997936 -0.064157 9.226300 -0.001586 0.064153 0.997939 1.577100 0.000000 0.000000 0.000000 1.000000
0.999990 -0.003586 -0.002592 0.000000 0.003416 0.998012 -0.062934 9.226300 0.002812 0.062924 0.998014 1.577100 0.000000 0.000000 0.000000 1.000000
0.999876 -0.015675 0.001709 0.000000 0.015751 0.997918 -0.062550 9.226300 -0.000725 0.062570 0.998040 1.577100 0.000000 0.000000 0.000000 1.000000
0.999482 -0.029129 0.013683 -0.000000 0.029913 0.997683 -0.061102 9.226300 -0.011872 0.061480 0.998038 1.577100 0.000000 0.000000 0.000000 1.000000
0.998740 -0.042462 0.026757 0.000000 0.043948 0.997370 -0.057629 9.226300 -0.024240 0.058732 0.997979 1.577100 0.000000 0.000000 0.000000 1.000000</float_array><technique_common><accessor source="#swat_Spine-Matrix-animation-output-transform-array" count="29" stride="16"><param type="float4x4"/></accessor></technique_common></source><source id="swat_Spine-Interpolations"><Name_array id="swat_Spine-Interpolations-array" count="29">
 LINEAR LINEAR LINEAR LINEAR LINEAR LINEAR LINEAR LINEAR LINEAR LINEAR LINEAR
LINEAR LINEAR LINEAR LINEAR LINEAR LINEAR LINEAR LINEAR LINEAR LINEAR LINEAR LINEAR
LINEAR LINEAR LINEAR LINEAR LINEAR LINEAR</Name_array><technique_common><accessor source="#swat_Spine-Interpolations-array" count="29"><param type="name"/></accessor></technique_common></source><sampler id="swat_Spine-Matrix-animation-transform"><input semantic="INPUT" source="#swat_Spine-Matrix-animation-input"/><input semantic="OUTPUT" source="#swat_Spine-Matrix-animation-output-transform"/><input semantic="INTERPOLATION" source="#swat_Spine-Interpolations"/></sampler><channel source="#swat_Spine-Matrix-animation-transform" target="swat_Spine/matrix"/></animation>
    <animation id="swat_Spine1-anim" name="swat_Spine1"><source id="swat_Spine1-Matrix-animation-input"><float_array id="swat_Spine1-Matrix-animation-input-array" count="29">

0.000000 0.033333 0.066667 0.100000 0.133333 0.166667 0.200000 0.233333 0.266667 0.300000 0.333333 0.366667 0.400000 0.433333 0.466667 0.500000
0.533333 0.566667 0.600000 0.633333 0.666667 0.700000 0.733333 0.766667 0.800000 0.833333 0.866667 0.900000 0.933333</float_array><technique_common><accessor source="#swat_Spine1-Matrix-animation-input-array" count="29"><param name="TIME" type="float"/></accessor></technique_common></source><source id="swat_Spine1-Matrix-animation-output-transform"><float_array id="swat_Spine1-Matrix-animation-output-transform-array" count="464">

0.999615 -0.027098 0.005925 0.000000 0.027212 0.999428 -0.020103 16.254000 -0.005376 0.020256 0.999780 -0.165600 0.000000 0.000000 0.000000 1.000000
0.999594 -0.027142 0.008620 -0.000000 0.027324 0.999389 -0.021783 16.254000 -0.008023 0.022010 0.999726 -0.165600 0.000000 0.000000 0.000000 1.000000
0.999517 -0.029181 0.010651 0.000000 0.029425 0.999291 -0.023502 16.254000 -0.009958 0.023804 0.999667 -0.165600 0.000000 0.000000 0.000000 1.000000
0.999376 -0.032782 0.013116 0.000000 0.033107 0.999131 -0.025328 16.254000 -0.012274 0.025747 0.999593 -0.165600 0.000000 0.000000 0.000000 1.000000
0.999183 -0.036888 0.016536 0.000000 0.037326 0.998937 -0.027058 16.254000 -0.015520 0.027653 0.999497 -0.165600 0.000000 0.000000 0.000000 1.000000
0.998931 -0.041390 0.020564 0.000000 0.041953 0.998734 -0.027760 16.254000 -0.019389 0.028593 0.999403 -0.165600 0.000000 0.000000 0.000000 1.000000
0.998591 -0.046872 0.024899 0.000000 0.047534 0.998512 -0.026713 16.254000 -0.023610 0.027859 0.999333 -0.165600 0.000000 0.000000 0.000000 1.000000
0.998161 -0.053453 0.028607 -0.000000 0.054148 0.998242 -0.024119 16.254000 -0.027268 0.025624 0.999300 -0.165600 0.000000 0.000000 0.000000 1.000000
0.997702 -0.060561 0.030385 -0.000000 0.061211 0.997905 -0.020948 16.254000 -0.029053 0.022759 0.999319 -0.165600 0.000000 0.000000 0.000000 1.000000
0.997212 -0.067492 0.031825 0.000000 0.068095 0.997512 -0.018246 16.254000 -0.030514 0.020362 0.999327 -0.165600 0.000000 0.000000 0.000000 1.000000
0.996614 -0.074365 0.035081 0.000000 0.074958 0.997060 -0.015921 16.254000 -0.033794 0.018497 0.999258 -0.165600 0.000000 0.000000 0.000000 1.000000
0.995892 -0.081333 0.039798 0.000000 0.081909 0.996554 -0.013060 16.254000 -0.038598 0.016266 0.999122 -0.165600 0.000000 0.000000 0.000000 1.000000
0.995305 -0.086567 0.043299 0.000000 0.087091 0.996146 -0.010367 16.254000 -0.042234 0.014089 0.999008 -0.165600 0.000000 0.000000 0.000000 1.000000
0.995057 -0.089635 0.042754 0.000000 0.090113 0.995887 -0.009398 16.254000 -0.041735 0.013205 0.999041 -0.165600 0.000000 0.000000 0.000000 1.000000
0.994836 -0.093631 0.039165 0.000000 0.094108 0.995507 -0.010489 16.254000 -0.038007 0.014121 0.999178 -0.165600 0.000000 0.000000 0.000000 1.000000
0.994500 -0.098890 0.034510 -0.000000 0.099374 0.994971 -0.012591 16.254000 -0.033092 0.015951 0.999325 -0.165600 0.000000 0.000000 0.000000 1.000000
0.994252 -0.102992 0.029243 -0.000000 0.103428 0.994541 -0.013805 16.254000 -0.027662 0.016751 0.999477 -0.165600 0.000000 0.000000 0.000000 1.000000
0.994347 -0.103167 0.025133 -0.000000 0.103565 0.994508 -0.015088 16.254000 -0.023438 0.017605 0.999570 -0.165600 0.000000 0.000000 0.000000 1.000000
0.994658 -0.100534 0.023403 0.000000 0.100956 0.994735 -0.017608 16.254000 -0.021509 0.019877 0.999571 -0.165600 0.000000 0.000000 0.000000 1.000000
0.995059 -0.097002 0.021183 0.000000 0.097425 0.995042 -0.019987 16.254000 -0.019139 0.021952 0.999576 -0.165600 0.000000 0.000000 0.000000 1.000000
0.995692 -0.091305 0.016134 0.000000 0.091648 0.995550 -0.021946 16.254000 -0.014059 0.023330 0.999629 -0.165600 0.000000 0.000000 0.000000 1.000000
0.996564 -0.082262 0.009685 -0.000000 0.082474 0.996303 -0.024042 16.254000 -0.007671 0.024758 0.999664 -0.165600 0.000000 0.000000 0.000000 1.000000
0.997437 -0.071448 0.003938 -0.000000 0.071525 0.997113 -0.025502 16.254000 -0.002105 0.025718 0.999667 -0.165600 0.000000 0.000000 0.000000 1.000000
0.998213 -0.059740 -0.001515 0.000000 0.059683 0.997896 -0.025314 16.254000 0.003024 0.025179 0.999678 -0.165600 0.000000 0.000000 0.000000 1.000000
0.998788 -0.048565 -0.007995 0.000000 0.048360 0.998539 -0.024112 16.254000 0.009155 0.023696 0.999677 -0.165600 0.000000 0.000000 0.000000 1.000000
0.999184 -0.038283 -0.012870 0.000000 0.037972 0.999000 -0.023585 16.254000 0.013760 0.023077 0.999639 -0.165600 0.000000 0.000000 0.000000 1.000000
0.999493 -0.029708 -0.011424 -0.000000 0.029432 0.999288 -0.023610 16.254000 0.012117 0.023262 0.999656 -0.165600 0.000000 0.000000 0.000000 1.000000
0.999660 -0.025868 -0.003341 0.000000 0.025786 0.999411 -0.022662 16.254000 0.003925 0.022568 0.999738 -0.165600 0.000000 0.000000 0.000000 1.000000
0.999615 -0.027098 0.005925 -0.000000 0.027212 0.999428 -0.020103 16.254000 -0.005377 0.020256 0.999780 -0.165600 0.000000 0.000000 0.000000 1.000000</float_array><technique_common><accessor source="#swat_Spine1-Matrix-animation-output-transform-array" count="29" stride="16"><param type="float4x4"/></accessor></technique_common></source><source id="swat_Spine1-Interpolations"><Name_array id="swat_Spine1-Interpolations-array" count="29">
 LINEAR LINEAR LINEAR LINEAR LINEAR LINEAR LINEAR LINEAR LINEAR LINEAR LINEAR
LINEAR LINEAR LINEAR LINEAR LINEAR LINEAR LINEAR LINEAR LINEAR LINEAR LINEAR LINEAR
LINEAR LINEAR LINEAR LINEAR LINEAR LINEAR</Name_array><technique_common><accessor source="#swat_Spine1-Interpolations-array" count="29"><param type="name"/></accessor></technique_common></source><sampler id="swat_Spine1-Matrix-animation-transform"><input semantic="INPUT" source="#swat_Spine1-Matrix-animation-input"/><input semantic="OUTPUT" source="#swat_Spine1-Matrix-animation-output-transform"/><input semantic="INTERPOLATION" source="#swat_Spine1-Interpolations"/></sampler><channel source="#swat_Spine1-Matrix-animation-transform" target="swat_Spine1/matrix"/></animation>
    <animation id="swat_Spine2-anim" name="swat_Spine2"><source id="swat_Spine2-Matrix-animation-input"><float_array id="swat_Spine2-Matrix-animation-input-array" count="29">

0.000000 0.033333 0.066667 0.100000 0.133333 0.166667 0.200000 0.233333 0.266667 0.300000 0.333333 0.366667 0.400000 0.433333 0.466667 0.500000
0.533333 0.566667 0.600000 0.633333 0.666667 0.700000 0.733333 0.766667 0.800000 0.833333 0.866667 0.900000 0.933333</float_array><technique_common><accessor source="#swat_Spine2-Matrix-animation-input-array" count="29"><param name="TIME" type="float"/></accessor></technique_common></source><source id="swat_Spine2-Matrix-animation-output-transform"><float_array id="swat_Spine2-Matrix-animation-output-transform-array" count="464">

0.999611 -0.027151 0.006310 0.000000 0.027271 0.999435 -0.019651 13.639600 -0.005773 0.019815 0.999787 -1.292300 0.000000 0.000000 0.000000 1.000000
0.999608 -0.026481 0.009039 0.000000 0.026668 0.999418 -0.021272 13.639600 -0.008470 0.021505 0.999733 -1.292300 0.000000 0.000000 0.000000 1.000000
0.999592 -0.026388 0.010959 0.000000 0.026634 0.999382 -0.022946 13.639600 -0.010346 0.023229 0.999677 -1.292300 0.000000 0.000000 0.000000 1.000000
0.999558 -0.026683 0.013145 0.000000 0.027002 0.999329 -0.024753 13.639600 -0.012476 0.025097 0.999607 -1.292300 0.000000 0.000000 0.000000 1.000000
0.999518 -0.026526 0.016127 -0.000000 0.026947 0.999286 -0.026493 13.639600 -0.015413 0.026914 0.999519 -1.292300 0.000000 0.000000 0.000000 1.000000
0.999470 -0.025970 0.019604 0.000000 0.026499 0.999278 -0.027225 13.639600 -0.018883 0.027731 0.999437 -1.292300 0.000000 0.000000 0.000000 1.000000
0.999396 -0.025748 0.023328 0.000000 0.026357 0.999309 -0.026212 13.639600 -0.022637 0.026811 0.999384 -1.292300 0.000000 0.000000 0.000000 1.000000
0.999310 -0.026153 0.026377 0.000000 0.026779 0.999361 -0.023663 13.639600 -0.025741 0.024353 0.999372 -1.292300 0.000000 0.000000 0.000000 1.000000
0.999264 -0.026785 0.027477 -0.000000 0.027355 0.999414 -0.020553 13.639600 -0.026910 0.021290 0.999411 -1.292300 0.000000 0.000000 0.000000 1.000000
0.999232 -0.027163 0.028248 0.000000 0.027675 0.999456 -0.017920 13.639600 -0.027745 0.018688 0.999440 -1.292300 0.000000 0.000000 0.000000 1.000000
0.999142 -0.027644 0.030839 -0.000000 0.028137 0.999481 -0.015663 13.639600 -0.030390 0.016518 0.999402 -1.292300 0.000000 0.000000 0.000000 1.000000
0.998982 -0.028571 0.034915 0.000000 0.029035 0.999496 -0.012867 13.639600 -0.034529 0.013868 0.999307 -1.292300 0.000000 0.000000 0.000000 1.000000
0.998884 -0.028238 0.037871 0.000000 0.028644 0.999537 -0.010227 13.639600 -0.037565 0.011301 0.999230 -1.292300 0.000000 0.000000 0.000000 1.000000
0.998972 -0.026361 0.036892 -0.000000 0.026721 0.999600 -0.009303 13.639600 -0.036632 0.010279 0.999276 -1.292300 0.000000 0.000000 0.000000 1.000000
0.999111 -0.026263 0.032968 0.000000 0.026620 0.999591 -0.010417 13.639600 -0.032681 0.011286 0.999402 -1.292300 0.000000 0.000000 0.000000 1.000000
0.999200 -0.028499 0.028066 0.000000 0.028860 0.999505 -0.012558 13.639600 -0.027694 0.013358 0.999527 -1.292300 0.000000 0.000000 0.000000 1.000000
0.999270 -0.030834 0.022574 0.000000 0.031152 0.999419 -0.013850 13.639600 -0.022134 0.014543 0.999649 -1.292300 0.000000 0.000000 0.000000 1.000000
0.999361 -0.030704 0.018310 0.000000 0.030984 0.999405 -0.015169 13.639600 -0.017833 0.015727 0.999717 -1.292300 0.000000 0.000000 0.000000 1.000000
0.999423 -0.029627 0.016641 0.000000 0.029920 0.999396 -0.017661 13.639600 -0.016108 0.018148 0.999706 -1.292300 0.000000 0.000000 0.000000 1.000000
0.999426 -0.030488 0.014773 -0.000000 0.030780 0.999326 -0.019979 13.639600 -0.014154 0.020423 0.999691 -1.292300 0.000000 0.000000 0.000000 1.000000
0.999450 -0.031537 0.010279 0.000000 0.031756 0.999257 -0.021844 13.639600 -0.009583 0.022158 0.999709 -1.292300 0.000000 0.000000 0.000000 1.000000
0.999511 -0.030945 0.004553 -0.000000 0.031045 0.999234 -0.023806 13.639600 -0.003813 0.023936 0.999706 -1.292300 0.000000 0.000000 0.000000 1.000000
0.999560 -0.029667 -0.000382 0.000000 0.029648 0.999245 -0.025114 13.639600 0.001126 0.025091 0.999685 -1.292300 0.000000 0.000000 0.000000 1.000000
0.999598 -0.027900 -0.005012 -0.000000 0.027768 0.999308 -0.024754 13.639600 0.005699 0.024605 0.999681 -1.292300 0.000000 0.000000 0.000000 1.000000
0.999598 -0.026324 -0.010574 0.000000 0.026071 0.999386 -0.023420 13.639600 0.011184 0.023135 0.999670 -1.292300 0.000000 0.000000 0.000000 1.000000
0.999592 -0.024628 -0.014439 0.000000 0.024294 0.999443 -0.022883 13.639600 0.014995 0.022523 0.999634 -1.292300 0.000000 0.000000 0.000000 1.000000
0.999661 -0.023067 -0.012064 0.000000 0.022785 0.999476 -0.022997 13.639600 0.012588 0.022714 0.999663 -1.292300 0.000000 0.000000 0.000000 1.000000
0.999705 -0.024055 -0.003310 0.000000 0.023976 0.999467 -0.022147 13.639600 0.003841 0.022061 0.999749 -1.292300 0.000000 0.000000 0.000000 1.000000
0.999611 -0.027151 0.006310 0.000000 0.027271 0.999435 -0.019651 13.639600 -0.005773 0.019815 0.999787 -1.292300 0.000000 0.000000 0.000000 1.000000</float_array><technique_common><accessor source="#swat_Spine2-Matrix-animation-output-transform-array" count="29" stride="16"><param type="float4x4"/></accessor></technique_common></source><source id="swat_Spine2-Interpolations"><Name_array id="swat_Spine2-Interpolations-array" count="29">
 LINEAR LINEAR LINEAR LINEAR LINEAR LINEAR LINEAR LINEAR LINEAR LINEAR LINEAR
LINEAR LINEAR LINEAR LINEAR LINEAR LINEAR LINEAR LINEAR LINEAR LINEAR LINEAR LINEAR
LINEAR LINEAR LINEAR LINEAR LINEAR LINEAR</Name_array><technique_common><accessor source="#swat_Spine2-Interpolations-array" count="29"><param type="name"/></accessor></technique_common></source><sampler id="swat_Spine2-Matrix-animation-transform"><input semantic="INPUT" source="#swat_Spine2-Matrix-animation-input"/><input semantic="OUTPUT" source="#swat_Spine2-Matrix-animation-output-transform"/><input semantic="INTERPOLATION" source="#swat_Spine2-Interpolations"/></sampler><channel source="#swat_Spine2-Matrix-animation-transform" target="swat_Spine2/matrix"/></animation>
    <animation id="swat_Neck-anim" name="swat_Neck"><source id="swat_Neck-Matrix-animation-input"><float_array id="swat_Neck-Matrix-animation-input-array" count="29">

0.000000 0.033333 0.066667 0.100000 0.133333 0.166667 0.200000 0.233333 0.266667 0.300000 0.333333 0.366667 0.400000 0.433333 0.466667 0.500000
0.533333 0.566667 0.600000 0.633333 0.666667 0.700000 0.733333 0.766667 0.800000 0.833333 0.866667 0.900000 0.933333</float_array><technique_common><accessor source="#swat_Neck-Matrix-animation-input-array" count="29"><param name="TIME" type="float"/></accessor></technique_common></source><source id="swat_Neck-Matrix-animation-output-transform"><float_array id="swat_Neck-Matrix-animation-output-transform-array" count="464">

0.999991 -0.004107 -0.000890 0.000000 0.004058 0.998788 -0.049057 13.877400 0.001090 0.049053 0.998796 -4.354200 0.000000 0.000000 0.000000 1.000000
0.999988 -0.001221 0.004712 -0.000000 0.001446 0.998842 -0.048091 13.877400 -0.004648 0.048097 0.998832 -4.354200 0.000000 0.000000 0.000000 1.000000
0.999871 0.003741 0.015627 0.000000 -0.002959 0.998756 -0.049770 13.877400 -0.015794 0.049717 0.998638 -4.354200 0.000000 0.000000 0.000000 1.000000
0.999519 0.009467 0.029546 0.000000 -0.007862 0.998511 -0.053988 13.877400 -0.030013 0.053730 0.998104 -4.354200 0.000000 0.000000 0.000000 1.000000
0.998898 0.014906 0.044502 0.000000 -0.012244 0.998152 -0.059512 13.877400 -0.045306 0.058902 0.997235 -4.354200 0.000000 0.000000 0.000000 1.000000
0.998116 0.018922 0.058366 0.000000 -0.015118 0.997775 -0.064941 13.877400 -0.059465 0.063936 0.996181 -4.354200 0.000000 0.000000 0.000000 1.000000
0.997399 0.021272 0.068864 0.000000 -0.016489 0.997460 -0.069292 13.877400 -0.070163 0.067976 0.995217 -4.354200 0.000000 0.000000 0.000000 1.000000
0.996990 0.022170 0.074297 -0.000000 -0.016829 0.997281 -0.071745 13.877400 -0.075685 0.070279 0.994652 -4.354200 0.000000 0.000000 0.000000 1.000000
0.996753 0.022612 0.077277 -0.000000 -0.016974 0.997198 -0.072856 13.877400 -0.078707 0.071307 0.994344 -4.354200 0.000000 0.000000 0.000000 1.000000
0.996674 0.022929 0.078199 0.000000 -0.017206 0.997177 -0.073086 13.877400 -0.079654 0.071498 0.994255 -4.354200 0.000000 0.000000 0.000000 1.000000
0.996744 0.022973 0.077285 -0.000000 -0.017305 0.997166 -0.073217 13.877400 -0.078748 0.071641 0.994317 -4.354200 0.000000 0.000000 0.000000 1.000000
0.996908 0.022694 0.075230 -0.000000 -0.017137 0.997133 -0.073704 13.877400 -0.076687 0.072187 0.994439 -4.354200 0.000000 0.000000 0.000000 1.000000
0.997110 0.022342 0.072608 0.000000 -0.016960 0.997121 -0.073912 13.877400 -0.074051 0.072466 0.994618 -4.354200 0.000000 0.000000 0.000000 1.000000
0.997356 0.021374 0.069453 0.000000 -0.016296 0.997208 -0.072871 13.877400 -0.070817 0.071547 0.994920 -4.354200 0.000000 0.000000 0.000000 1.000000
0.997673 0.018720 0.065562 0.000000 -0.014060 0.997389 -0.070832 13.877400 -0.066717 0.069745 0.995331 -4.354200 0.000000 0.000000 0.000000 1.000000
0.998033 0.015453 0.060760 -0.000000 -0.011247 0.997556 -0.068966 13.877400 -0.061677 0.068147 0.995767 -4.354200 0.000000 0.000000 0.000000 1.000000
0.998398 0.013394 0.054972 0.000000 -0.009653 0.997656 -0.067750 13.877400 -0.055750 0.067111 0.996187 -4.354200 0.000000 0.000000 0.000000 1.000000
0.998755 0.011701 0.048489 -0.000000 -0.008478 0.997775 -0.066133 13.877400 -0.049155 0.065640 0.996632 -4.354200 0.000000 0.000000 0.000000 1.000000
0.999086 0.008928 0.041810 0.000000 -0.006261 0.997962 -0.063507 13.877400 -0.042292 0.063188 0.997105 -4.354200 0.000000 0.000000 0.000000 1.000000
0.999368 0.005140 0.035174 0.000000 -0.003010 0.998174 -0.060331 13.877400 -0.035420 0.060187 0.997558 -4.354200 0.000000 0.000000 0.000000 1.000000
0.999587 0.001316 0.028721 0.000000 0.000320 0.998379 -0.056907 13.877400 -0.028749 0.056892 0.997966 -4.354200 0.000000 0.000000 0.000000 1.000000
0.999741 -0.002199 0.022634 0.000000 0.003409 0.998558 -0.053575 13.877400 -0.022484 0.053638 0.998307 -4.354200 0.000000 0.000000 0.000000 1.000000
0.999841 -0.005213 0.017050 -0.000000 0.006079 0.998671 -0.051170 13.877400 -0.016761 0.051266 0.998544 -4.354200 0.000000 0.000000 0.000000 1.000000
0.999900 -0.007361 0.012068 0.000000 0.007955 0.998722 -0.049910 13.877400 -0.011685 0.050001 0.998681 -4.354200 0.000000 0.000000 0.000000 1.000000
0.999932 -0.008661 0.007785 0.000000 0.009035 0.998745 -0.049253 13.877400 -0.007349 0.049320 0.998756 -4.354200 0.000000 0.000000 0.000000 1.000000
0.999951 -0.008836 0.004351 -0.000000 0.009039 0.998748 -0.049202 13.877400 -0.003911 0.049238 0.998779 -4.354200 0.000000 0.000000 0.000000 1.000000
0.999969 -0.007688 0.001918 -0.000000 0.007774 0.998727 -0.049842 13.877400 -0.001532 0.049856 0.998755 -4.354200 0.000000 0.000000 0.000000 1.000000
0.999983 -0.005898 0.000025 0.000000 0.005892 0.998724 -0.050155 13.877400 0.000270 0.050154 0.998741 -4.354200 0.000000 0.000000 0.000000 1.000000
0.999991 -0.004107 -0.000890 0.000000 0.004058 0.998788 -0.049057 13.877400 0.001090 0.049053 0.998796 -4.354200 0.000000 0.000000 0.000000 1.000000</float_array><technique_common><accessor source="#swat_Neck-Matrix-animation-output-transform-array" count="29" stride="16"><param type="float4x4"/></accessor></technique_common></source><source id="swat_Neck-Interpolations"><Name_array id="swat_Neck-Interpolations-array" count="29">
 LINEAR LINEAR LINEAR LINEAR LINEAR LINEAR LINEAR LINEAR LINEAR LINEAR LINEAR
LINEAR LINEAR LINEAR LINEAR LINEAR LINEAR LINEAR LINEAR LINEAR LINEAR LINEAR LINEAR
LINEAR LINEAR LINEAR LINEAR LINEAR LINEAR</Name_array><technique_common><accessor source="#swat_Neck-Interpolations-array" count="29"><param type="name"/></accessor></technique_common></source><sampler id="swat_Neck-Matrix-animation-transform"><input semantic="INPUT" source="#swat_Neck-Matrix-animation-input"/><input semantic="OUTPUT" source="#swat_Neck-Matrix-animation-output-transform"/><input semantic="INTERPOLATION" source="#swat_Neck-Interpolations"/></sampler><channel source="#swat_Neck-Matrix-animation-transform" target="swat_Neck/matrix"/></animation>
    <animation id="swat_Neck1-anim" name="swat_Neck1"><source id="swat_Neck1-Matrix-animation-input"><float_array id="swat_Neck1-Matrix-animation-input-array" count="29">

0.000000 0.033333 0.066667 0.100000 0.133333 0.166667 0.200000 0.233333 0.266667 0.300000 0.333333 0.366667 0.400000 0.433333 0.466667 0.500000
0.533333 0.566667 0.600000 0.633333 0.666667 0.700000 0.733333 0.766667 0.800000 0.833333 0.866667 0.900000 0.933333</float_array><technique_common><accessor source="#swat_Neck1-Matrix-animation-input-array" count="29"><param name="TIME" type="float"/></accessor></technique_common></source><source id="swat_Neck1-Matrix-animation-output-transform"><float_array id="swat_Neck1-Matrix-animation-output-transform-array" count="464">

0.999991 -0.004107 -0.000890 0.000000 0.004058 0.998788 -0.049057 4.340000 0.001090 0.049053 0.998796 0.926900 0.000000 0.000000 0.000000 1.000000
0.999988 -0.001221 0.004712 0.000000 0.001446 0.998842 -0.048093 4.340000 -0.004648 0.048099 0.998832 0.926900 0.000000 0.000000 0.000000 1.000000
0.999871 0.003741 0.015627 -0.000000 -0.002959 0.998756 -0.049770 4.340000 -0.015794 0.049717 0.998638 0.926900 0.000000 0.000000 0.000000 1.000000
0.999519 0.009467 0.029546 0.000000 -0.007862 0.998511 -0.053988 4.340000 -0.030013 0.053730 0.998104 0.926900 0.000000 0.000000 0.000000 1.000000
0.998898 0.014906 0.044501 0.000000 -0.012244 0.998152 -0.059513 4.340000 -0.045306 0.058902 0.997235 0.926900 0.000000 0.000000 0.000000 1.000000
0.998116 0.018922 0.058366 -0.000000 -0.015118 0.997775 -0.064941 4.340000 -0.059465 0.063936 0.996181 0.926900 0.000000 0.000000 0.000000 1.000000
0.997399 0.021272 0.068864 0.000000 -0.016489 0.997460 -0.069292 4.340000 -0.070163 0.067977 0.995217 0.926900 0.000000 0.000000 0.000000 1.000000
0.996990 0.022170 0.074297 -0.000000 -0.016829 0.997281 -0.071745 4.340000 -0.075685 0.070279 0.994652 0.926900 0.000000 0.000000 0.000000 1.000000
0.996753 0.022612 0.077277 0.000000 -0.016974 0.997198 -0.072856 4.340000 -0.078708 0.071308 0.994344 0.926900 0.000000 0.000000 0.000000 1.000000
0.996674 0.022929 0.078199 0.000000 -0.017206 0.997177 -0.073088 4.340000 -0.079654 0.071499 0.994255 0.926900 0.000000 0.000000 0.000000 1.000000
0.996744 0.022973 0.077285 -0.000000 -0.017305 0.997166 -0.073217 4.340000 -0.078748 0.071641 0.994317 0.926900 0.000000 0.000000 0.000000 1.000000
0.996908 0.022694 0.075230 0.000000 -0.017137 0.997133 -0.073704 4.340000 -0.076687 0.072187 0.994439 0.926900 0.000000 0.000000 0.000000 1.000000
0.997110 0.022342 0.072608 0.000000 -0.016960 0.997121 -0.073912 4.340000 -0.074051 0.072467 0.994618 0.926900 0.000000 0.000000 0.000000 1.000000
0.997356 0.021374 0.069453 0.000000 -0.016296 0.997208 -0.072872 4.340000 -0.070817 0.071547 0.994920 0.926900 0.000000 0.000000 0.000000 1.000000
0.997673 0.018719 0.065562 0.000000 -0.014059 0.997389 -0.070833 4.340000 -0.066717 0.069747 0.995331 0.926900 0.000000 0.000000 0.000000 1.000000
0.998033 0.015453 0.060760 0.000000 -0.011247 0.997556 -0.068967 4.340000 -0.061678 0.068147 0.995767 0.926900 0.000000 0.000000 0.000000 1.000000
0.998398 0.013394 0.054972 0.000000 -0.009654 0.997656 -0.067751 4.340000 -0.055750 0.067112 0.996187 0.926900 0.000000 0.000000 0.000000 1.000000
0.998755 0.011701 0.048489 0.000000 -0.008479 0.997775 -0.066135 4.340000 -0.049155 0.065641 0.996632 0.926900 0.000000 0.000000 0.000000 1.000000
0.999086 0.008928 0.041810 0.000000 -0.006261 0.997962 -0.063507 4.340000 -0.042292 0.063188 0.997105 0.926900 0.000000 0.000000 0.000000 1.000000
0.999368 0.005139 0.035173 0.000000 -0.003010 0.998174 -0.060334 4.340000 -0.035419 0.060190 0.997558 0.926900 0.000000 0.000000 0.000000 1.000000
0.999587 0.001316 0.028721 0.000000 0.000321 0.998379 -0.056909 4.340000 -0.028749 0.056894 0.997966 0.926900 0.000000 0.000000 0.000000 1.000000
0.999741 -0.002199 0.022634 0.000000 0.003410 0.998558 -0.053575 4.340000 -0.022484 0.053638 0.998307 0.926900 0.000000 0.000000 0.000000 1.000000
0.999841 -0.005213 0.017051 0.000000 0.006079 0.998671 -0.051170 4.340000 -0.016761 0.051266 0.998544 0.926900 0.000000 0.000000 0.000000 1.000000
0.999900 -0.007361 0.012068 0.000000 0.007955 0.998722 -0.049911 4.340000 -0.011685 0.050002 0.998681 0.926900 0.000000 0.000000 0.000000 1.000000
0.999932 -0.008662 0.007785 0.000000 0.009035 0.998745 -0.049254 4.340000 -0.007349 0.049321 0.998756 0.926900 0.000000 0.000000 0.000000 1.000000
0.999951 -0.008836 0.004351 0.000000 0.009039 0.998748 -0.049202 4.340000 -0.003911 0.049239 0.998779 0.926900 0.000000 0.000000 0.000000 1.000000
0.999969 -0.007688 0.001918 0.000000 0.007774 0.998727 -0.049843 4.340000 -0.001532 0.049856 0.998755 0.926900 0.000000 0.000000 0.000000 1.000000
0.999983 -0.005898 0.000026 0.000000 0.005892 0.998724 -0.050155 4.340000 0.000270 0.050154 0.998741 0.926900 0.000000 0.000000 0.000000 1.000000
0.999991 -0.004107 -0.000890 0.000000 0.004058 0.998788 -0.049058 4.340000 0.001091 0.049054 0.998796 0.926900 0.000000 0.000000 0.000000 1.000000</float_array><technique_common><accessor source="#swat_Neck1-Matrix-animation-output-transform-array" count="29" stride="16"><param type="float4x4"/></accessor></technique_common></source><source id="swat_Neck1-Interpolations"><Name_array id="swat_Neck1-Interpolations-array" count="29">
 LINEAR LINEAR LINEAR LINEAR LINEAR LINEAR LINEAR LINEAR LINEAR LINEAR LINEAR
LINEAR LINEAR LINEAR LINEAR LINEAR LINEAR LINEAR LINEAR LINEAR LINEAR LINEAR LINEAR
LINEAR LINEAR LINEAR LINEAR LINEAR LINEAR</Name_array><technique_common><accessor source="#swat_Neck1-Interpolations-array" count="29"><param type="name"/></accessor></technique_common></source><sampler id="swat_Neck1-Matrix-animation-transform"><input semantic="INPUT" source="#swat_Neck1-Matrix-animation-input"/><input semantic="OUTPUT" source="#swat_Neck1-Matrix-animation-output-transform"/><input semantic="INTERPOLATION" source="#swat_Neck1-Interpolations"/></sampler><channel source="#swat_Neck1-Matrix-animation-transform" target="swat_Neck1/matrix"/></animation>
    <animation id="swat_Head-anim" name="swat_Head"><source id="swat_Head-Matrix-animation-input"><float_array id="swat_Head-Matrix-animation-input-array" count="29">

0.000000 0.033333 0.066667 0.100000 0.133333 0.166667 0.200000 0.233333 0.266667 0.300000 0.333333 0.366667 0.400000 0.433333 0.466667 0.500000
0.533333 0.566667 0.600000 0.633333 0.666667 0.700000 0.733333 0.766667 0.800000 0.833333 0.866667 0.900000 0.933333</float_array><technique_common><accessor source="#swat_Head-Matrix-animation-input-array" count="29"><param name="TIME" type="float"/></accessor></technique_common></source><source id="swat_Head-Matrix-animation-output-transform"><float_array id="swat_Head-Matrix-animation-output-transform-array" count="464">

0.999991 -0.004107 -0.000890 0.000000 0.004058 0.998788 -0.049057 4.026600 0.001090 0.049053 0.998796 0.858500 0.000000 0.000000 0.000000 1.000000
0.999988 -0.001220 0.004712 -0.000000 0.001446 0.998842 -0.048089 4.026600 -0.004648 0.048095 0.998832 0.858500 0.000000 0.000000 0.000000 1.000000
0.999871 0.003741 0.015627 0.000000 -0.002959 0.998756 -0.049770 4.026600 -0.015794 0.049717 0.998638 0.858500 0.000000 0.000000 0.000000 1.000000
0.999519 0.009467 0.029546 -0.000000 -0.007862 0.998511 -0.053988 4.026600 -0.030013 0.053730 0.998104 0.858500 0.000000 0.000000 0.000000 1.000000
0.998898 0.014906 0.044501 0.000000 -0.012244 0.998153 -0.059512 4.026600 -0.045306 0.058901 0.997235 0.858500 0.000000 0.000000 0.000000 1.000000
0.998116 0.018922 0.058366 0.000000 -0.015118 0.997775 -0.064941 4.026600 -0.059465 0.063936 0.996181 0.858500 0.000000 0.000000 0.000000 1.000000
0.997399 0.021272 0.068864 0.000000 -0.016489 0.997460 -0.069292 4.026600 -0.070163 0.067976 0.995217 0.858500 0.000000 0.000000 0.000000 1.000000
0.996990 0.022170 0.074297 0.000000 -0.016830 0.997281 -0.071745 4.026600 -0.075685 0.070279 0.994652 0.858500 0.000000 0.000000 0.000000 1.000000
0.996753 0.022612 0.077277 -0.000000 -0.016973 0.997198 -0.072856 4.026600 -0.078707 0.071308 0.994344 0.858500 0.000000 0.000000 0.000000 1.000000
0.996674 0.022929 0.078199 0.000000 -0.017206 0.997177 -0.073084 4.026600 -0.079654 0.071496 0.994255 0.858500 0.000000 0.000000 0.000000 1.000000
0.996744 0.022973 0.077285 0.000000 -0.017306 0.997166 -0.073216 4.026600 -0.078748 0.071640 0.994317 0.858500 0.000000 0.000000 0.000000 1.000000
0.996908 0.022694 0.075230 0.000000 -0.017137 0.997133 -0.073703 4.026600 -0.076687 0.072186 0.994439 0.858500 0.000000 0.000000 0.000000 1.000000
0.997110 0.022341 0.072608 -0.000000 -0.016959 0.997121 -0.073911 4.026600 -0.074050 0.072466 0.994618 0.858500 0.000000 0.000000 0.000000 1.000000
0.997356 0.021374 0.069453 0.000000 -0.016296 0.997208 -0.072871 4.026600 -0.070817 0.071547 0.994920 0.858500 0.000000 0.000000 0.000000 1.000000
0.997673 0.018720 0.065562 0.000000 -0.014060 0.997389 -0.070830 4.026600 -0.066717 0.069743 0.995331 0.858500 0.000000 0.000000 0.000000 1.000000
