<?xml version="1.0" encoding="utf-8"?>
<COLLADA xmlns="http://www.collada.org/2005/11/COLLADASchema" version="1.4.1">
  <asset><contributor><author>Mixamo</author><authoring_tool>COLLADA Mixamo exporter</authoring_tool><comments></comments></contributor><created>2018-12-18T19:12:00Z</created><modified>2018-12-18T19:12:00Z</modified><revision></revision><title></title><unit meter="0.010000"/><up_axis>Y_UP</up_axis></asset>
  <library_animations>
    <animation id="swat_Hips-anim" name="swat_Hips"><source id="swat_Hips-Matrix-animation-input"><float_array id="swat_Hips-Matrix-animation-input-array" count="288">

0.000000 0.033333 0.066667 0.100000 0.133333 0.166667 0.200000 0.233333 0.266667 0.300000 0.333333 0.366667 0.400000 0.433333 0.466667 0.500000
0.533333 0.566667 0.600000 0.633333 0.666667 0.700000 0.733333 0.766667 0.800000 0.833333 0.866667 0.900000 0.933333 0.966667 1.000000 1.033333
1.066667 1.100000 1.133333 1.166667 1.200000 1.233333 1.266667 1.300000 1.333333 1.366667 1.400000 1.433333 1.466667 1.500000 1.533333 1.566667
1.600000 1.633333 1.666667 1.700000 1.733333 1.766667 1.800000 1.833333 1.866667 1.900000 1.933333 1.966667 2.000000 2.033333 2.066667 2.100000
2.133333 2.166667 2.200000 2.233333 2.266667 2.300000 2.333333 2.366667 2.400000 2.433333 2.466667 2.500000 2.533333 2.566667 2.600000 2.633333
2.666667 2.700000 2.733333 2.766667 2.800000 2.833333 2.866667 2.900000 2.933333 2.966667 3.000000 3.033333 3.066667 3.100000 3.133333 3.166667
3.200000 3.233333 3.266667 3.300000 3.333333 3.366667 3.400000 3.433333 3.466667 3.500000 3.533333 3.566667 3.600000 3.633333 3.666667 3.700000
3.733333 3.766667 3.800000 3.833333 3.866667 3.900000 3.933333 3.966667 4.000000 4.033333 4.066667 4.100000 4.133333 4.166667 4.200000 4.233333
4.266667 4.300000 4.333333 4.366667 4.400000 4.433333 4.466667 4.500000 4.533333 4.566667 4.600000 4.633333 4.666667 4.700000 4.733333 4.766667
4.800000 4.833333 4.866667 4.900000 4.933333 4.966667 5.000000 5.033333 5.066667 5.100000 5.133333 5.166667 5.200000 5.233333 5.266667 5.300000
5.333333 5.366667 5.400000 5.433333 5.466667 5.500000 5.533333 5.566667 5.600000 5.633333 5.666667 5.700000 5.733333 5.766667 5.800000 5.833333
5.866667 5.900000 5.933333 5.966667 6.000000 6.033333 6.066667 6.100000 6.133333 6.166667 6.200000 6.233333 6.266667 6.300000 6.333333 6.366667
6.400000 6.433333 6.466667 6.500000 6.533333 6.566667 6.600000 6.633333 6.666667 6.700000 6.733333 6.766667 6.800000 6.833333 6.866667 6.900000
6.933333 6.966667 7.000000 7.033333 7.066667 7.100000 7.133333 7.166667 7.200000 7.233333 7.266667 7.300000 7.333333 7.366667 7.400000 7.433333
7.466667 7.500000 7.533333 7.566667 7.600000 7.633333 7.666667 7.700000 7.733333 7.766667 7.800000 7.833333 7.866667 7.900000 7.933333 7.966667
8.000000 8.033333 8.066667 8.100000 8.133333 8.166667 8.200000 8.233333 8.266667 8.300000 8.333333 8.366667 8.400000 8.433333 8.466667 8.500000
8.533333 8.566667 8.600000 8.633333 8.666667 8.700000 8.733333 8.766667 8.800000 8.833333 8.866667 8.900000 8.933333 8.966667 9.000000 9.033333
9.066667 9.100000 9.133333 9.166667 9.200000 9.233333 9.266667 9.300000 9.333333 9.366667 9.400000 9.433333 9.466667 9.500000 9.533333 9.566667</float_array><technique_common><accessor source="#swat_Hips-Matrix-animation-input-array" count="288"><param name="TIME" type="float"/></accessor></technique_common></source><source id="swat_Hips-Matrix-animation-output-transform"><float_array id="swat_Hips-Matrix-animation-output-transform-array" count="4608">

0.999929 0.011829 0.001115 -0.048195 -0.011882 0.995629 0.092639 94.523064 -0.000014 -0.092645 0.995699 0.853512 0.000000 0.000000 0.000000 1.000000
0.999938 0.011112 0.000940 -0.056632 -0.011151 0.995651 0.092487 94.518936 0.000092 -0.092491 0.995713 0.860591 0.000000 0.000000 0.000000 1.000000
0.999944 0.010516 0.000780 -0.067451 -0.010543 0.995650 0.092576 94.512650 0.000197 -0.092579 0.995705 0.858837 0.000000 0.000000 0.000000 1.000000
0.999949 0.010101 0.000561 -0.079204 -0.010109 0.995599 0.093172 94.501846 0.000383 -0.093173 0.995650 0.848438 0.000000 0.000000 0.000000 1.000000
0.999952 0.009819 0.000136 -0.090256 -0.009788 0.995499 0.094266 94.485886 0.000791 -0.094263 0.995547 0.831868 0.000000 0.000000 0.000000 1.000000
0.999954 0.009560 -0.000646 -0.100050 -0.009455 0.995378 0.095565 94.467705 0.001557 -0.095554 0.995423 0.811241 0.000000 0.000000 0.000000 1.000000
0.999956 0.009195 -0.001807 -0.110012 -0.008978 0.995286 0.096572 94.452003 0.002687 -0.096551 0.995324 0.785987 0.000000 0.000000 0.000000 1.000000
0.999957 0.008685 -0.003144 -0.123186 -0.008340 0.995276 0.096725 94.440819 0.003969 -0.096695 0.995306 0.751936 0.000000 0.000000 0.000000 1.000000
0.999956 0.008245 -0.004369 -0.142265 -0.007790 0.995385 0.095643 94.432625 0.005138 -0.095605 0.995406 0.701640 0.000000 0.000000 0.000000 1.000000
0.999951 0.008316 -0.005346 -0.168477 -0.007780 0.995595 0.093433 94.424095 0.006099 -0.093387 0.995611 0.626841 0.000000 0.000000 0.000000 1.000000
0.999941 0.009147 -0.005938 -0.202420 -0.008571 0.995840 0.090712 94.412971 0.006743 -0.090656 0.995859 0.523369 0.000000 0.000000 0.000000 1.000000
0.999928 0.010494 -0.005791 -0.245080 -0.009945 0.996074 0.087968 94.398598 0.006692 -0.087904 0.996106 0.393219 0.000000 0.000000 0.000000 1.000000
0.999920 0.011802 -0.004585 -0.297465 -0.011370 0.996326 0.084883 94.382271 0.005570 -0.084824 0.996380 0.240077 0.000000 0.000000 0.000000 1.000000
0.999918 0.012607 -0.002387 -0.358099 -0.012373 0.996673 0.080566 94.365250 0.003394 -0.080529 0.996746 0.064073 0.000000 0.000000 0.000000 1.000000
0.999918 0.012815 0.000500 -0.421881 -0.012816 0.997142 0.074460 94.348145 0.000456 -0.074461 0.997224 -0.138347 0.000000 0.000000 0.000000 1.000000
0.999910 0.012782 0.003996 -0.485007 -0.013020 0.997682 0.066786 94.330795 -0.003133 -0.066832 0.997759 -0.371421 0.000000 0.000000 0.000000 1.000000
0.999877 0.013214 0.008434 -0.550498 -0.013681 0.998221 0.058037 94.312492 -0.007652 -0.058146 0.998279 -0.639898 0.000000 0.000000 0.000000 1.000000
0.999793 0.014623 0.014169 -0.624054 -0.015292 0.998716 0.048302 94.291115 -0.013444 -0.048509 0.998732 -0.951223 0.000000 0.000000 0.000000 1.000000
0.999641 0.016545 0.021069 -0.705570 -0.017322 0.999155 0.037275 94.264618 -0.020434 -0.037627 0.999083 -1.312955 0.000000 0.000000 0.000000 1.000000
0.999436 0.017658 0.028571 -0.788693 -0.018367 0.999525 0.024742 94.233803 -0.028121 -0.025252 0.999286 -1.727281 0.000000 0.000000 0.000000 1.000000
0.999191 0.017110 0.036384 -0.866756 -0.017511 0.999789 0.010742 94.198715 -0.036192 -0.011370 0.999280 -2.191076 0.000000 0.000000 0.000000 1.000000
0.998867 0.015570 0.044968 -0.936182 -0.015373 0.999871 -0.004730 94.154953 -0.045036 0.004034 0.998977 -2.702777 0.000000 0.000000 0.000000 1.000000
0.998385 0.014728 0.054872 -0.999927 -0.013544 0.999669 -0.021879 94.094086 -0.055176 0.021100 0.998254 -3.266142 0.000000 0.000000 0.000000 1.000000
0.997720 0.015736 0.065628 -1.070024 -0.013069 0.999078 -0.040884 94.012718 -0.066211 0.039933 0.997006 -3.883104 0.000000 0.000000 0.000000 1.000000
0.996940 0.018416 0.075974 -1.162298 -0.013733 0.997999 -0.061717 93.908340 -0.076959 0.060485 0.995198 -4.544455 0.000000 0.000000 0.000000 1.000000
0.996125 0.021736 0.085223 -1.281945 -0.014549 0.996355 -0.084059 93.781403 -0.086739 0.082494 0.992810 -5.230175 0.000000 0.000000 0.000000 1.000000
0.995265 0.024760 0.093993 -1.416987 -0.014582 0.994102 -0.107462 93.632965 -0.096100 0.105583 0.989756 -5.919659 0.000000 0.000000 0.000000 1.000000
0.994265 0.027313 0.103402 -1.548256 -0.013503 0.991161 -0.131972 93.462074 -0.106093 0.129819 0.985845 -6.600710 0.000000 0.000000 0.000000 1.000000
0.993086 0.029806 0.113544 -1.663053 -0.011551 0.987346 -0.158157 93.265007 -0.116821 0.155752 0.980864 -7.268867 0.000000 0.000000 0.000000 1.000000
0.991859 0.032277 0.123182 -1.761232 -0.008825 0.982440 -0.186370 93.038673 -0.127034 0.183766 0.974727 -7.920997 0.000000 0.000000 0.000000 1.000000
0.990784 0.034063 0.131095 -1.851626 -0.004971 0.976353 -0.216124 92.782257 -0.135357 0.213481 0.967525 -8.551171 0.000000 0.000000 0.000000 1.000000
0.989912 0.034744 0.137354 -1.943783 0.000157 0.969196 -0.246291 92.497398 -0.141680 0.243828 0.959414 -9.148810 0.000000 0.000000 0.000000 1.000000
0.989111 0.034958 0.142961 -2.048440 0.005917 0.961149 -0.275968 92.184914 -0.147054 0.273809 0.950476 -9.699923 0.000000 0.000000 0.000000 1.000000
0.988224 0.035774 0.148776 -2.177207 0.011430 0.952311 -0.304914 91.843636 -0.152589 0.303023 0.940688 -10.194223 0.000000 0.000000 0.000000 1.000000
0.987226 0.037478 0.154854 -2.330742 0.016479 0.942707 -0.333215 91.480217 -0.158470 0.331511 0.930047 -10.629322 0.000000 0.000000 0.000000 1.000000
0.986250 0.039063 0.160577 -2.487005 0.021804 0.932411 -0.360742 91.119034 -0.163816 0.359283 0.918738 -11.005667 0.000000 0.000000 0.000000 1.000000
0.985403 0.039079 0.165692 -2.615348 0.028544 0.921590 -0.387113 90.787170 -0.167828 0.386192 0.907022 -11.322746 0.000000 0.000000 0.000000 1.000000
0.984540 0.037483 0.171100 -2.713709 0.037035 0.910202 -0.412505 90.492485 -0.171198 0.412464 0.894743 -11.588813 0.000000 0.000000 0.000000 1.000000
0.983313 0.036182 0.178286 -2.818804 0.046381 0.897775 -0.438006 90.216537 -0.175909 0.438966 0.881116 -11.824941 0.000000 0.000000 0.000000 1.000000
0.981473 0.037124 0.187972 -2.966443 0.055510 0.883884 -0.464401 89.938011 -0.183385 0.466231 0.865447 -12.047043 0.000000 0.000000 0.000000 1.000000
0.979069 0.040477 0.199465 -3.154119 0.064071 0.868906 -0.490813 89.656898 -0.193183 0.493320 0.848125 -12.246881 0.000000 0.000000 0.000000 1.000000
0.976404 0.044913 0.211230 -3.354493 0.072072 0.854279 -0.514794 89.393143 -0.203571 0.517871 0.830884 -12.399309 0.000000 0.000000 0.000000 1.000000
0.973831 0.048957 0.221940 -3.549047 0.079398 0.841712 -0.534057 89.167747 -0.212955 0.537702 0.815798 -12.484294 0.000000 0.000000 0.000000 1.000000
0.971527 0.051854 0.231185 -3.736000 0.086082 0.831822 -0.548327 88.982178 -0.220737 0.552615 0.803674 -12.501826 0.000000 0.000000 0.000000 1.000000
0.969431 0.053719 0.239410 -3.918125 0.092518 0.823685 -0.559449 88.818199 -0.227252 0.564498 0.793536 -12.469948 0.000000 0.000000 0.000000 1.000000
0.967372 0.055192 0.247274 -4.096718 0.099079 0.815852 -0.569710 88.657776 -0.233183 0.575621 0.783764 -12.407349 0.000000 0.000000 0.000000 1.000000
0.965222 0.056828 0.255180 -4.276017 0.105863 0.807520 -0.580263 88.495941 -0.239038 0.587097 0.773420 -12.320219 0.000000 0.000000 0.000000 1.000000
0.962928 0.058737 0.263286 -4.465379 0.112853 0.798782 -0.590942 88.334290 -0.245018 0.598747 0.762541 -12.207718 0.000000 0.000000 0.000000 1.000000
0.960505 0.060730 0.271556 -4.669110 0.119971 0.790157 -0.601048 88.168564 -0.251074 0.609888 0.751664 -12.072589 0.000000 0.000000 0.000000 1.000000
0.958042 0.062539 0.279722 -4.879102 0.127061 0.782113 -0.610045 87.989380 -0.256926 0.619991 0.741350 -11.922894 0.000000 0.000000 0.000000 1.000000
0.955639 0.063945 0.287517 -5.081448 0.133992 0.774914 -0.617701 87.790314 -0.262300 0.628824 0.731969 -11.764158 0.000000 0.000000 0.000000 1.000000
0.953276 0.064876 0.295052 -5.270881 0.140821 0.768643 -0.623985 87.568474 -0.267271 0.636379 0.723593 -11.597330 0.000000 0.000000 0.000000 1.000000
0.950808 0.065349 0.302810 -5.455346 0.147847 0.763259 -0.628949 87.323105 -0.272223 0.642779 0.716051 -11.424788 0.000000 0.000000 0.000000 1.000000
0.948098 0.065368 0.311186 -5.645072 0.155361 0.758649 -0.632704 87.055786 -0.277439 0.648212 0.709118 -11.250439 0.000000 0.000000 0.000000 1.000000
0.945182 0.064952 0.320020 -5.841337 0.163278 0.754706 -0.635420 86.773827 -0.282793 0.652840 0.702729 -11.076448 0.000000 0.000000 0.000000 1.000000
0.942278 0.064192 0.328621 -6.034175 0.171052 0.751432 -0.637253 86.481064 -0.287843 0.656680 0.697078 -10.902775 0.000000 0.000000 0.000000 1.000000
0.939643 0.063239 0.336261 -6.204518 0.178014 0.748933 -0.638287 86.178146 -0.292202 0.659621 0.692472 -10.730488 0.000000 0.000000 0.000000 1.000000
0.937381 0.062134 0.342720 -6.342439 0.183930 0.747278 -0.638549 85.866867 -0.295782 0.661600 0.689056 -10.564900 0.000000 0.000000 0.000000 1.000000
0.935403 0.060763 0.348323 -6.453585 0.189171 0.746274 -0.638193 85.554680 -0.298723 0.662860 0.686572 -10.411812 0.000000 0.000000 0.000000 1.000000
0.933609 0.059151 0.353378 -6.550009 0.194099 0.745522 -0.637591 85.254662 -0.301166 0.663851 0.684545 -10.274358 0.000000 0.000000 0.000000 1.000000
0.931993 0.057518 0.357884 -6.641137 0.198654 0.744799 -0.637033 84.975998 -0.303193 0.664805 0.682721 -10.153849 0.000000 0.000000 0.000000 1.000000
0.930591 0.056001 0.361751 -6.726058 0.202608 0.744260 -0.636417 84.718582 -0.304877 0.665538 0.681256 -10.052822 0.000000 0.000000 0.000000 1.000000
0.929421 0.054485 0.364977 -6.795192 0.205911 0.744179 -0.635451 84.479889 -0.306231 0.665754 0.680437 -9.976164 0.000000 0.000000 0.000000 1.000000
0.928515 0.052848 0.367515 -6.837810 0.208570 0.744654 -0.634025 84.254456 -0.307178 0.665355 0.680400 -9.927073 0.000000 0.000000 0.000000 1.000000
0.927928 0.051181 0.369229 -6.850164 0.210449 0.745636 -0.632248 84.041946 -0.307669 0.664385 0.681126 -9.909019 0.000000 0.000000 0.000000 1.000000
0.927720 0.049664 0.369959 -6.834255 0.211329 0.747097 -0.630227 83.847000 -0.307695 0.662857 0.682601 -9.926359 0.000000 0.000000 0.000000 1.000000
0.927946 0.048393 0.369560 -6.795159 0.211053 0.749025 -0.628027 83.679741 -0.307202 0.660772 0.684841 -9.984125 0.000000 0.000000 0.000000 1.000000
0.928634 0.047381 0.367960 -6.739921 0.209649 0.751250 -0.625835 83.551201 -0.306083 0.658314 0.687703 -10.084706 0.000000 0.000000 0.000000 1.000000
0.929747 0.046594 0.365238 -6.675641 0.207378 0.753393 -0.624013 83.470856 -0.304243 0.655917 0.690803 -10.225288 0.000000 0.000000 0.000000 1.000000
0.931200 0.045876 0.361610 -6.605513 0.204679 0.755075 -0.622872 83.441154 -0.301618 0.654032 0.693736 -10.398477 0.000000 0.000000 0.000000 1.000000
0.932879 0.044905 0.357381 -6.529117 0.202028 0.756198 -0.622374 83.456146 -0.298198 0.652800 0.696369 -10.595837 0.000000 0.000000 0.000000 1.000000
0.934641 0.043422 0.352933 -6.448198 0.199781 0.756946 -0.622190 83.501839 -0.294168 0.652033 0.698797 -10.808851 0.000000 0.000000 0.000000 1.000000
0.936305 0.041607 0.348716 -6.370392 0.198018 0.757514 -0.622062 83.564911 -0.290039 0.651492 0.701025 -11.028070 0.000000 0.000000 0.000000 1.000000
0.937702 0.040118 0.345117 -6.304263 0.196510 0.757929 -0.622035 83.638374 -0.286529 0.651102 0.702828 -11.244726 0.000000 0.000000 0.000000 1.000000
0.938761 0.039575 0.342289 -6.252553 0.194957 0.758083 -0.622336 83.725845 -0.284112 0.650957 0.703943 -11.454672 0.000000 0.000000 0.000000 1.000000
0.939568 0.040046 0.340011 -6.210256 0.193192 0.757890 -0.623120 83.827614 -0.282645 0.651152 0.704353 -11.656233 0.000000 0.000000 0.000000 1.000000
0.940318 0.041144 0.337800 -6.170376 0.191159 0.757377 -0.624370 83.939453 -0.281531 0.651680 0.704311 -11.850800 0.000000 0.000000 0.000000 1.000000
0.941169 0.042547 0.335247 -6.127644 0.188793 0.756595 -0.626036 84.057274 -0.280282 0.652498 0.704052 -12.040831 0.000000 0.000000 0.000000 1.000000
0.942140 0.044255 0.332286 -6.080288 0.186036 0.755566 -0.628101 84.181305 -0.278861 0.653576 0.703616 -12.228220 0.000000 0.000000 0.000000 1.000000
0.943182 0.046422 0.329017 -6.029095 0.182777 0.754442 -0.630405 84.314117 -0.277489 0.654723 0.703091 -12.416317 0.000000 0.000000 0.000000 1.000000
0.944314 0.049095 0.325364 -5.973471 0.178770 0.753596 -0.632562 84.456642 -0.276248 0.655502 0.702854 -12.610352 0.000000 0.000000 0.000000 1.000000
0.945559 0.052083 0.321256 -5.911544 0.173953 0.753396 -0.634141 84.604912 -0.275062 0.655501 0.703321 -12.812063 0.000000 0.000000 0.000000 1.000000
0.946801 0.054945 0.317093 -5.844100 0.168845 0.754001 -0.634802 84.748993 -0.273968 0.654571 0.704612 -13.016108 0.000000 0.000000 0.000000 1.000000
0.947830 0.057150 0.313611 -5.775737 0.164319 0.755435 -0.634285 84.875610 -0.273162 0.652727 0.706633 -13.215235 0.000000 0.000000 0.000000 1.000000
0.948536 0.058356 0.311247 -5.709969 0.160910 0.757710 -0.632442 84.974991 -0.272742 0.649977 0.709325 -13.406082 0.000000 0.000000 0.000000 1.000000
0.948977 0.058592 0.309855 -5.648502 0.158521 0.760781 -0.629352 85.049118 -0.272606 0.646359 0.712675 -13.590663 0.000000 0.000000 0.000000 1.000000
0.949238 0.058147 0.309138 -5.591299 0.156801 0.764496 -0.625267 85.106926 -0.272692 0.642000 0.716572 -13.770600 0.000000 0.000000 0.000000 1.000000
0.949293 0.057335 0.309119 -5.540879 0.155622 0.768632 -0.620473 85.153824 -0.273174 0.637117 0.720735 -13.939421 0.000000 0.000000 0.000000 1.000000
0.949053 0.056356 0.310036 -5.500543 0.155070 0.772977 -0.615191 85.190315 -0.274320 0.631926 0.724858 -14.085432 0.000000 0.000000 0.000000 1.000000
0.948479 0.055257 0.311986 -5.471562 0.155165 0.777509 -0.609429 85.216728 -0.276247 0.626439 0.728877 -14.204192 0.000000 0.000000 0.000000 1.000000
0.947628 0.053960 0.314786 -5.451574 0.155748 0.782405 -0.602980 85.238045 -0.278827 0.620428 0.733024 -14.306936 0.000000 0.000000 0.000000 1.000000
0.946618 0.052405 0.318068 -5.435467 0.156552 0.787788 -0.595719 85.263435 -0.281789 0.613713 0.737531 -14.411063 0.000000 0.000000 0.000000 1.000000
0.945574 0.050713 0.321432 -5.418858 0.157270 0.793538 -0.587847 85.298447 -0.284880 0.606404 0.742373 -14.521499 0.000000 0.000000 0.000000 1.000000
0.944608 0.049109 0.324505 -5.400994 0.157549 0.799520 -0.579608 85.342781 -0.287912 0.598628 0.747496 -14.625537 0.000000 0.000000 0.000000 1.000000
0.943835 0.047598 0.326972 -5.385290 0.157105 0.805908 -0.570815 85.399811 -0.290679 0.590124 0.753166 -14.705837 0.000000 0.000000 0.000000 1.000000
0.943322 0.045866 0.328695 -5.376569 0.155930 0.813029 -0.560954 85.479729 -0.292968 0.580414 0.759796 -14.754581 0.000000 0.000000 0.000000 1.000000
0.943035 0.043632 0.329819 -5.377085 0.154359 0.820817 -0.549939 85.589317 -0.294717 0.569522 0.767324 -14.776333 0.000000 0.000000 0.000000 1.000000
0.942849 0.040986 0.330690 -5.383852 0.152839 0.828665 -0.538475 85.720848 -0.296101 0.558243 0.775041 -14.782282 0.000000 0.000000 0.000000 1.000000
0.942600 0.038335 0.331716 -5.389731 0.151661 0.835873 -0.527556 85.855110 -0.297496 0.547583 0.782080 -14.782944 0.000000 0.000000 0.000000 1.000000
0.942139 0.036129 0.333270 -5.390067 0.150832 0.842167 -0.517692 85.973351 -0.299373 0.538005 0.787989 -14.783342 0.000000 0.000000 0.000000 1.000000
0.941437 0.034624 0.335406 -5.389149 0.149943 0.847963 -0.508405 86.070824 -0.302015 0.528923 0.793112 -14.780766 0.000000 0.000000 0.000000 1.000000
0.940660 0.033781 0.337664 -5.398547 0.148252 0.854148 -0.498450 86.160332 -0.305253 0.518931 0.798455 -14.766548 0.000000 0.000000 0.000000 1.000000
0.940058 0.033345 0.339381 -5.426414 0.145204 0.861341 -0.486833 86.259010 -0.308556 0.506931 0.804869 -14.733054 0.000000 0.000000 0.000000 1.000000
0.939765 0.032941 0.340230 -5.468093 0.141025 0.869322 -0.473699 86.371300 -0.311374 0.493147 0.812313 -14.680286 0.000000 0.000000 0.000000 1.000000
0.939750 0.032125 0.340349 -5.508156 0.136616 0.877333 -0.460024 86.488190 -0.313378 0.478805 0.820085 -14.615384 0.000000 0.000000 0.000000 1.000000
0.939929 0.030634 0.339993 -5.530329 0.132762 0.884755 -0.446746 86.599884 -0.314496 0.465048 0.827540 -14.547338 0.000000 0.000000 0.000000 1.000000
0.940214 0.028599 0.339382 -5.525569 0.129675 0.891356 -0.434361 86.703125 -0.314933 0.452401 0.834356 -14.484447 0.000000 0.000000 0.000000 1.000000
0.940425 0.026354 0.338979 -5.496351 0.127404 0.897036 -0.423196 86.798126 -0.315229 0.441172 0.840237 -14.436302 0.000000 0.000000 0.000000 1.000000
0.940321 0.024155 0.339431 -5.454974 0.126105 0.901721 -0.413518 86.883087 -0.316061 0.431644 0.844861 -14.411658 0.000000 0.000000 0.000000 1.000000
0.939826 0.022319 0.340923 -5.416374 0.125399 0.905684 -0.404983 86.958443 -0.317808 0.423365 0.848387 -14.410428 0.000000 0.000000 0.000000 1.000000
0.939160 0.021425 0.342810 -5.390073 0.124044 0.909539 -0.396675 87.030602 -0.320299 0.415065 0.851546 -14.422264 0.000000 0.000000 0.000000 1.000000
0.938669 0.022032 0.344116 -5.379082 0.120809 0.913691 -0.388039 87.103600 -0.322965 0.405812 0.854991 -14.434897 0.000000 0.000000 0.000000 1.000000
0.938571 0.024004 0.344249 -5.380130 0.115601 0.918068 -0.379194 87.176529 -0.325147 0.395696 0.858897 -14.442359 0.000000 0.000000 0.000000 1.000000
0.938928 0.026206 0.343113 -5.385684 0.109558 0.922446 -0.370258 87.248505 -0.326206 0.385236 0.863240 -14.445461 0.000000 0.000000 0.000000 1.000000
0.939780 0.027260 0.340691 -5.388092 0.103994 0.926743 -0.361015 87.323120 -0.325574 0.374705 0.868100 -14.447260 0.000000 0.000000 0.000000 1.000000
0.941152 0.026693 0.336927 -5.384206 0.099371 0.930962 -0.351332 87.409569 -0.323045 0.364138 0.873525 -14.449800 0.000000 0.000000 0.000000 1.000000
0.942900 0.025138 0.332127 -5.374961 0.095351 0.935044 -0.341469 87.515785 -0.319137 0.353640 0.879256 -14.451303 0.000000 0.000000 0.000000 1.000000
0.944670 0.023423 0.327184 -5.364640 0.091612 0.938918 -0.331725 87.644958 -0.314969 0.343344 0.884822 -14.448137 0.000000 0.000000 0.000000 1.000000
0.946085 0.021806 0.323184 -5.358883 0.088288 0.942596 -0.322052 87.791634 -0.311655 0.333222 0.889851 -14.434311 0.000000 0.000000 0.000000 1.000000
0.946934 0.020124 0.320796 -5.361331 0.085657 0.946148 -0.312197 87.945740 -0.309803 0.323109 0.894216 -14.401954 0.000000 0.000000 0.000000 1.000000
0.947243 0.018297 0.319994 -5.370614 0.083701 0.949604 -0.302069 88.094002 -0.309394 0.312916 0.897975 -14.343524 0.000000 0.000000 0.000000 1.000000
0.947225 0.016474 0.320145 -5.382000 0.082071 0.952933 -0.291861 88.227844 -0.309885 0.302733 0.901290 -14.257789 0.000000 0.000000 0.000000 1.000000
0.947136 0.014739 0.320492 -5.388566 0.080471 0.956098 -0.281781 88.346481 -0.310575 0.292675 0.904369 -14.150578 0.000000 0.000000 0.000000 1.000000
0.947080 0.012863 0.320739 -5.383502 0.078941 0.959178 -0.271564 88.456245 -0.311139 0.282512 0.907403 -14.031164 0.000000 0.000000 0.000000 1.000000
0.946980 0.010597 0.321118 -5.365999 0.077582 0.962339 -0.260546 88.565552 -0.311786 0.271645 0.910494 -13.905967 0.000000 0.000000 0.000000 1.000000
0.946732 0.008175 0.321920 -5.346032 0.076167 0.965627 -0.248521 88.678726 -0.312886 0.259802 0.913567 -13.772241 0.000000 0.000000 0.000000 1.000000
0.946329 0.006175 0.323145 -5.335989 0.074416 0.968792 -0.236439 88.795685 -0.314521 0.247797 0.916337 -13.620270 0.000000 0.000000 0.000000 1.000000
0.945878 0.004800 0.324486 -5.335993 0.072536 0.971466 -0.225813 88.916725 -0.316311 0.237129 0.918541 -13.445838 0.000000 0.000000 0.000000 1.000000
0.945526 0.003645 0.325525 -5.332125 0.070949 0.973594 -0.216981 89.045380 -0.317720 0.228257 0.920300 -13.253901 0.000000 0.000000 0.000000 1.000000
0.945360 0.002280 0.326020 -5.311558 0.069431 0.975629 -0.208153 89.188004 -0.318549 0.219416 0.922162 -13.048112 0.000000 0.000000 0.000000 1.000000
0.945361 0.000680 0.326024 -5.274774 0.067214 0.978109 -0.196939 89.348877 -0.319021 0.208092 0.924621 -12.824866 0.000000 0.000000 0.000000 1.000000
0.945404 -0.001022 0.325898 -5.232173 0.064156 0.981011 -0.183035 89.522720 -0.319523 0.193950 0.927517 -12.582776 0.000000 0.000000 0.000000 1.000000
0.945296 -0.002739 0.326201 -5.193762 0.061004 0.983809 -0.168520 89.698425 -0.320458 0.179201 0.930158 -12.332990 0.000000 0.000000 0.000000 1.000000
0.944910 -0.004277 0.327302 -5.162099 0.058352 0.986099 -0.155576 89.867172 -0.322087 0.166104 0.932024 -12.092226 0.000000 0.000000 0.000000 1.000000
0.944320 -0.005289 0.328986 -5.133362 0.055977 0.987877 -0.144796 90.023834 -0.324232 0.155149 0.933168 -11.865054 0.000000 0.000000 0.000000 1.000000
0.943779 -0.005618 0.330530 -5.101899 0.053383 0.989323 -0.135611 90.167137 -0.326239 0.145631 0.934002 -11.638547 0.000000 0.000000 0.000000 1.000000
0.943529 -0.005666 0.331243 -5.061919 0.050624 0.990577 -0.127255 90.302086 -0.327400 0.136837 0.934925 -11.396996 0.000000 0.000000 0.000000 1.000000
0.943577 -0.006222 0.331096 -5.010075 0.048337 0.991703 -0.119115 90.438576 -0.327607 0.128399 0.936049 -11.138131 0.000000 0.000000 0.000000 1.000000
0.943658 -0.007683 0.330833 -4.950292 0.046961 0.992722 -0.110898 90.582970 -0.327573 0.120186 0.937151 -10.869699 0.000000 0.000000 0.000000 1.000000
0.943503 -0.009665 0.331222 -4.891471 0.046208 0.993646 -0.102632 90.732849 -0.328125 0.112139 0.937955 -10.595444 0.000000 0.000000 0.000000 1.000000
0.943136 -0.011667 0.332203 -4.840201 0.045527 0.994500 -0.094325 90.881203 -0.329275 0.104086 0.938480 -10.310718 0.000000 0.000000 0.000000 1.000000
0.942854 -0.013589 0.332928 -4.796820 0.044712 0.995291 -0.085998 91.024055 -0.330192 0.095970 0.939022 -10.010093 0.000000 0.000000 0.000000 1.000000
0.942947 -0.015360 0.332588 -4.756797 0.043743 0.995991 -0.078022 91.163956 -0.330057 0.088119 0.939839 -9.695154 0.000000 0.000000 0.000000 1.000000
0.943478 -0.016643 0.331018 -4.715686 0.042443 0.996582 -0.070866 91.306961 -0.328707 0.080910 0.940960 -9.372535 0.000000 0.000000 0.000000 1.000000
0.944289 -0.017260 0.328663 -4.671185 0.040709 0.997081 -0.064598 91.457138 -0.326589 0.074379 0.942235 -9.046163 0.000000 0.000000 0.000000 1.000000
0.945125 -0.017516 0.326240 -4.620687 0.038836 0.997505 -0.058953 91.614037 -0.324394 0.068387 0.943447 -8.715900 0.000000 0.000000 0.000000 1.000000
0.945796 -0.017806 0.324274 -4.562550 0.037205 0.997863 -0.053722 91.776367 -0.322625 0.062875 0.944436 -8.382305 0.000000 0.000000 0.000000 1.000000
0.946322 -0.018239 0.322710 -4.500663 0.035918 0.998157 -0.048914 91.943047 -0.321223 0.057880 0.945233 -8.047743 0.000000 0.000000 0.000000 1.000000
0.946874 -0.018714 0.321059 -4.443771 0.034852 0.998397 -0.044591 92.110069 -0.319710 0.053412 0.946009 -7.713463 0.000000 0.000000 0.000000 1.000000
0.947596 -0.018995 0.318906 -4.398863 0.033695 0.998606 -0.040641 92.269875 -0.317689 0.049257 0.946915 -7.380672 0.000000 0.000000 0.000000 1.000000
0.948522 -0.018892 0.316146 -4.363811 0.032156 0.998806 -0.036789 92.414040 -0.315073 0.045061 0.947997 -7.054248 0.000000 0.000000 0.000000 1.000000
0.949636 -0.018586 0.312805 -4.326995 0.030349 0.999002 -0.032777 92.537773 -0.311884 0.040620 0.949252 -6.742572 0.000000 0.000000 0.000000 1.000000
0.950896 -0.018519 0.308957 -4.274442 0.028743 0.999178 -0.028572 92.643692 -0.308174 0.036049 0.950647 -6.453896 0.000000 0.000000 0.000000 1.000000
0.952193 -0.019019 0.304906 -4.197867 0.027757 0.999318 -0.024347 92.737953 -0.304235 0.031647 0.952071 -6.192457 0.000000 0.000000 0.000000 1.000000
0.953435 -0.020131 0.300925 -4.097566 0.027513 0.999415 -0.020314 92.824608 -0.300340 0.027647 0.953432 -5.956708 0.000000 0.000000 0.000000 1.000000
0.954752 -0.021546 0.296621 -3.977413 0.027723 0.999477 -0.016635 92.904076 -0.296107 0.024106 0.954850 -5.741570 0.000000 0.000000 0.000000 1.000000
0.956438 -0.022753 0.291048 -3.841695 0.027842 0.999523 -0.013353 92.976959 -0.290605 0.020875 0.956615 -5.540826 0.000000 0.000000 0.000000 1.000000
0.958670 -0.023386 0.283557 -3.694635 0.027470 0.999568 -0.010432 93.047165 -0.283190 0.017791 0.958899 -5.347795 0.000000 0.000000 0.000000 1.000000
0.961358 -0.023371 0.274308 -3.541457 0.026550 0.999616 -0.007881 93.119492 -0.274018 0.014859 0.961610 -5.154542 0.000000 0.000000 0.000000 1.000000
0.964227 -0.022849 0.264090 -3.389163 0.025234 0.999666 -0.005644 93.196350 -0.263872 0.012106 0.964482 -4.953462 0.000000 0.000000 0.000000 1.000000
0.967006 -0.022160 0.253787 -3.246611 0.023829 0.999710 -0.003505 93.276512 -0.253635 0.009436 0.967254 -4.741540 0.000000 0.000000 0.000000 1.000000
0.969581 -0.021706 0.243807 -3.121792 0.022711 0.999741 -0.001313 93.357040 -0.243716 0.006810 0.969823 -4.522218 0.000000 0.000000 0.000000 1.000000
0.971987 -0.021649 0.234037 -3.018093 0.022055 0.999756 0.000883 93.436516 -0.233999 0.004303 0.972227 -4.304443 0.000000 0.000000 0.000000 1.000000
0.974259 -0.021903 0.224365 -2.931219 0.021780 0.999758 0.003021 93.513222 -0.224377 0.001943 0.974501 -4.099812 0.000000 0.000000 0.000000 1.000000
0.976316 -0.022406 0.215187 -2.852053 0.021812 0.999749 0.005136 93.583656 -0.215248 -0.000320 0.976559 -3.916928 0.000000 0.000000 0.000000 1.000000
0.977990 -0.023158 0.207364 -2.773686 0.022121 0.999729 0.007318 93.642807 -0.207477 -0.002569 0.978237 -3.755978 0.000000 0.000000 0.000000 1.000000
0.979205 -0.024000 0.201448 -2.694199 0.022540 0.999700 0.009539 93.688690 -0.201616 -0.004800 0.979453 -3.612156 0.000000 0.000000 0.000000 1.000000
0.980110 -0.024568 0.196928 -2.614870 0.022751 0.999675 0.011483 93.724480 -0.197146 -0.006775 0.980351 -3.485281 0.000000 0.000000 0.000000 1.000000
0.980999 -0.024462 0.192466 -2.537941 0.022438 0.999668 0.012690 93.756226 -0.192713 -0.008130 0.981222 -3.381395 0.000000 0.000000 0.000000 1.000000
0.982103 -0.023590 0.186860 -2.461994 0.021545 0.999684 0.012969 93.788971 -0.187107 -0.008711 0.982301 -3.304257 0.000000 0.000000 0.000000 1.000000
0.983449 -0.022495 0.179782 -2.378345 0.020539 0.999708 0.012733 93.824875 -0.180016 -0.008830 0.983624 -3.249703 0.000000 0.000000 0.000000 1.000000
0.984896 -0.022074 0.171732 -2.277117 0.020191 0.999715 0.012702 93.863510 -0.171964 -0.009043 0.985062 -3.209363 0.000000 0.000000 0.000000 1.000000
0.986290 -0.022654 0.163456 -2.157217 0.020765 0.999696 0.013261 93.901413 -0.163707 -0.009685 0.986461 -3.177108 0.000000 0.000000 0.000000 1.000000
0.987561 -0.023581 0.155456 -2.028241 0.021633 0.999665 0.014207 93.934464 -0.155738 -0.010667 0.987741 -3.151278 0.000000 0.000000 0.000000 1.000000
0.988712 -0.023973 0.147901 -1.902536 0.021978 0.999644 0.015114 93.959091 -0.148210 -0.011693 0.988887 -3.131974 0.000000 0.000000 0.000000 1.000000
0.989751 -0.023751 0.140813 -1.786658 0.021730 0.999638 0.015876 93.974297 -0.141139 -0.012653 0.989909 -3.119019 0.000000 0.000000 0.000000 1.000000
0.990673 -0.023595 0.134199 -1.681168 0.021541 0.999628 0.016737 93.982826 -0.134544 -0.013690 0.990813 -3.111392 0.000000 0.000000 0.000000 1.000000
0.991469 -0.024090 0.128099 -1.585916 0.021978 0.999599 0.017875 93.988106 -0.128478 -0.014907 0.991600 -3.107170 0.000000 0.000000 0.000000 1.000000
0.992128 -0.025182 0.122671 -1.502814 0.023000 0.999552 0.019175 93.991920 -0.123099 -0.016203 0.992262 -3.105210 0.000000 0.000000 0.000000 1.000000
0.992633 -0.026353 0.118257 -1.434505 0.024104 0.999501 0.020410 93.994865 -0.118736 -0.017409 0.992773 -3.106127 0.000000 0.000000 0.000000 1.000000
0.992971 -0.027101 0.115210 -1.381708 0.024781 0.999461 0.021521 93.998009 -0.115731 -0.018515 0.993108 -3.110499 0.000000 0.000000 0.000000 1.000000
0.993161 -0.027338 0.113509 -1.341539 0.024927 0.999434 0.022611 94.002815 -0.114063 -0.019627 0.993280 -3.117340 0.000000 0.000000 0.000000 1.000000
0.993275 -0.027376 0.112499 -1.309099 0.024865 0.999411 0.023661 94.010559 -0.113080 -0.020704 0.993370 -3.125306 0.000000 0.000000 0.000000 1.000000
0.993420 -0.027524 0.111172 -1.280686 0.024956 0.999390 0.024426 94.021774 -0.111777 -0.021490 0.993501 -3.133750 0.000000 0.000000 0.000000 1.000000
0.993669 -0.027771 0.108857 -1.253887 0.025220 0.999376 0.024743 94.035965 -0.109477 -0.021840 0.993749 -3.141573 0.000000 0.000000 0.000000 1.000000
0.994022 -0.027799 0.105585 -1.224622 0.025303 0.999369 0.024908 94.052322 -0.106211 -0.022087 0.994098 -3.146653 0.000000 0.000000 0.000000 1.000000
0.994447 -0.027276 0.101645 -1.188672 0.024809 0.999368 0.025456 94.070297 -0.102275 -0.022793 0.994495 -3.147309 0.000000 0.000000 0.000000 1.000000
0.994952 -0.026203 0.096872 -1.146035 0.023746 0.999368 0.026437 94.088936 -0.097503 -0.024003 0.994946 -3.144603 0.000000 0.000000 0.000000 1.000000
0.995562 -0.024977 0.090732 -1.102603 0.022596 0.999375 0.027182 94.106705 -0.091354 -0.025011 0.995504 -3.142831 0.000000 0.000000 0.000000 1.000000
0.996247 -0.024078 0.083134 -1.065667 0.021908 0.999398 0.026920 94.122475 -0.083732 -0.024998 0.996175 -3.146802 0.000000 0.000000 0.000000 1.000000
0.996913 -0.023664 0.074860 -1.037611 0.021798 0.999434 0.025639 94.136543 -0.075424 -0.023928 0.996864 -3.156626 0.000000 0.000000 0.000000 1.000000
0.997473 -0.023432 0.067064 -1.015597 0.021849 0.999468 0.024232 94.150154 -0.067596 -0.022706 0.997454 -3.165460 0.000000 0.000000 0.000000 1.000000
0.997910 -0.023004 0.060392 -0.995837 0.021610 0.999487 0.023642 94.163506 -0.060905 -0.022288 0.997895 -3.165705 0.000000 0.000000 0.000000 1.000000
0.998255 -0.022438 0.054625 -0.977308 0.021154 0.999489 0.023976 94.173553 -0.055135 -0.022779 0.998219 -3.158479 0.000000 0.000000 0.000000 1.000000
0.998548 -0.022181 0.049089 -0.961101 0.020993 0.999477 0.024583 94.176514 -0.049608 -0.023517 0.998492 -3.155447 0.000000 0.000000 0.000000 1.000000
0.998809 -0.022551 0.043261 -0.946763 0.021489 0.999460 0.024857 94.170792 -0.043799 -0.023898 0.998755 -3.168812 0.000000 0.000000 0.000000 1.000000
0.999042 -0.023297 0.037036 -0.932193 0.022389 0.999443 0.024747 94.158241 -0.037592 -0.023894 0.999007 -3.200094 0.000000 0.000000 0.000000 1.000000
0.999246 -0.023785 0.030693 -0.916630 0.023038 0.999435 0.024473 94.142624 -0.031257 -0.023748 0.999229 -3.240818 0.000000 0.000000 0.000000 1.000000
0.999414 -0.023644 0.024763 -0.901155 0.023048 0.999444 0.024086 94.126816 -0.025319 -0.023502 0.999403 -3.281155 0.000000 0.000000 0.000000 1.000000
0.999535 -0.023200 0.019767 -0.885851 0.022733 0.999466 0.023492 94.112175 -0.020301 -0.023032 0.999529 -3.314390 0.000000 0.000000 0.000000 1.000000
0.999606 -0.023118 0.015901 -0.870219 0.022753 0.999483 0.022730 94.099548 -0.016418 -0.022359 0.999615 -3.336176 0.000000 0.000000 0.000000 1.000000
0.999638 -0.023622 0.012911 -0.858628 0.023333 0.999485 0.022024 94.090729 -0.013424 -0.021715 0.999674 -3.344016 0.000000 0.000000 0.000000 1.000000
0.999651 -0.024314 0.010289 -0.860766 0.024088 0.999477 0.021557 94.087013 -0.010808 -0.021302 0.999715 -3.338223 0.000000 0.000000 0.000000 1.000000
0.999663 -0.024806 0.007684 -0.884073 0.024637 0.999469 0.021346 94.087440 -0.008210 -0.021149 0.999743 -3.320448 0.000000 0.000000 0.000000 1.000000
0.999669 -0.025211 0.005156 -0.927296 0.025095 0.999457 0.021333 94.090652 -0.005691 -0.021196 0.999759 -3.290668 0.000000 0.000000 0.000000 1.000000
0.999663 -0.025793 0.003091 -0.984366 0.025720 0.999438 0.021488 94.096214 -0.003643 -0.021401 0.999764 -3.248202 0.000000 0.000000 0.000000 1.000000
0.999651 -0.026349 0.001829 -1.051441 0.026303 0.999417 0.021763 94.104500 -0.002401 -0.021707 0.999761 -3.195615 0.000000 0.000000 0.000000 1.000000
0.999652 -0.026350 0.001200 -1.126153 0.026317 0.999411 0.022028 94.114990 -0.001780 -0.021989 0.999757 -3.139853 0.000000 0.000000 0.000000 1.000000
0.999669 -0.025709 0.000377 -1.203071 0.025694 0.999427 0.022045 94.125565 -0.000943 -0.022028 0.999757 -3.089279 0.000000 0.000000 0.000000 1.000000
0.999686 -0.025013 -0.001591 -1.274775 0.025041 0.999453 0.021579 94.134354 0.001050 -0.021612 0.999766 -3.048055 0.000000 0.000000 0.000000 1.000000
0.999679 -0.024864 -0.004914 -1.338165 0.024960 0.999476 0.020613 94.142731 0.004399 -0.020729 0.999775 -3.011165 0.000000 0.000000 0.000000 1.000000
0.999644 -0.025202 -0.008749 -1.398497 0.025368 0.999489 0.019449 94.155762 0.008254 -0.019664 0.999773 -2.965302 0.000000 0.000000 0.000000 1.000000
0.999608 -0.025420 -0.011716 -1.465342 0.025636 0.999497 0.018664 94.177139 0.011235 -0.018957 0.999757 -2.897578 0.000000 0.000000 0.000000 1.000000
0.999604 -0.025049 -0.012816 -1.545579 0.025288 0.999502 0.018860 94.203827 0.012338 -0.019177 0.999740 -2.803957 0.000000 0.000000 0.000000 1.000000
0.999635 -0.024151 -0.012089 -1.641411 0.024391 0.999500 0.020102 94.226913 0.011597 -0.020390 0.999725 -2.688401 0.000000 0.000000 0.000000 1.000000
0.999679 -0.023062 -0.010527 -1.753168 0.023286 0.999495 0.021636 94.239594 0.010022 -0.021874 0.999710 -2.555853 0.000000 0.000000 0.000000 1.000000
0.999716 -0.021917 -0.009364 -1.878368 0.022123 0.999503 0.022468 94.244408 0.008867 -0.022669 0.999704 -2.409396 0.000000 0.000000 0.000000 1.000000
0.999745 -0.020609 -0.009285 -2.009034 0.020812 0.999533 0.022367 94.251152 0.008820 -0.022555 0.999707 -2.251933 0.000000 0.000000 0.000000 1.000000
0.999765 -0.019116 -0.010191 -2.136728 0.019338 0.999569 0.022072 94.268074 0.009765 -0.022263 0.999704 -2.085625 0.000000 0.000000 0.000000 1.000000
0.999776 -0.017709 -0.011577 -2.259998 0.017965 0.999587 0.022424 94.294586 0.011175 -0.022627 0.999682 -1.910530 0.000000 0.000000 0.000000 1.000000
0.999776 -0.016778 -0.012896 -2.382259 0.017079 0.999577 0.023538 94.323708 0.012496 -0.023753 0.999640 -1.727334 0.000000 0.000000 0.000000 1.000000
0.999773 -0.016451 -0.013574 -2.503772 0.016785 0.999550 0.024845 94.349701 0.013159 -0.025068 0.999599 -1.541101 0.000000 0.000000 0.000000 1.000000
0.999780 -0.016428 -0.013056 -2.621732 0.016759 0.999530 0.025683 94.372849 0.012628 -0.025896 0.999585 -1.359595 0.000000 0.000000 0.000000 1.000000
0.999804 -0.016365 -0.011169 -2.735039 0.016649 0.999528 0.025834 94.397141 0.010741 -0.026015 0.999604 -1.185631 0.000000 0.000000 0.000000 1.000000
0.999831 -0.016359 -0.008355 -2.843081 0.016569 0.999531 0.025744 94.425728 0.007930 -0.025878 0.999634 -1.012121 0.000000 0.000000 0.000000 1.000000
0.999844 -0.016819 -0.005387 -2.943050 0.016953 0.999517 0.026046 94.457901 0.004946 -0.026133 0.999646 -0.828677 0.000000 0.000000 0.000000 1.000000
0.999838 -0.017792 -0.002896 -3.031662 0.017863 0.999482 0.026766 94.489853 0.002418 -0.026813 0.999638 -0.634662 0.000000 0.000000 0.000000 1.000000
0.999826 -0.018644 -0.001026 -3.107195 0.018665 0.999455 0.027229 94.517487 0.000518 -0.027243 0.999629 -0.443212 0.000000 0.000000 0.000000 1.000000
0.999827 -0.018563 0.000649 -3.169982 0.018539 0.999471 0.026729 94.539192 -0.001145 -0.026713 0.999643 -0.271095 0.000000 0.000000 0.000000 1.000000
0.999844 -0.017398 0.002919 -3.225670 0.017319 0.999532 0.025214 94.555763 -0.003356 -0.025160 0.999678 -0.126308 0.000000 0.000000 0.000000 1.000000
0.999853 -0.015902 0.006406 -3.285190 0.015748 0.999602 0.023391 94.568481 -0.006775 -0.023286 0.999706 -0.004900 0.000000 0.000000 0.000000 1.000000
0.999827 -0.014977 0.010987 -3.357491 0.014731 0.999647 0.022132 94.579422 -0.011315 -0.021966 0.999695 0.104082 0.000000 0.000000 0.000000 1.000000
0.999765 -0.014774 0.015858 -3.442568 0.014428 0.999660 0.021703 94.590080 -0.016174 -0.021469 0.999639 0.212051 0.000000 0.000000 0.000000 1.000000
0.999688 -0.014803 0.020100 -3.530866 0.014369 0.999665 0.021543 94.600739 -0.020412 -0.021248 0.999566 0.326024 0.000000 0.000000 0.000000 1.000000
0.999623 -0.014762 0.023150 -3.608813 0.014277 0.999678 0.020954 94.609726 -0.023452 -0.020615 0.999512 0.446159 0.000000 0.000000 0.000000 1.000000
0.999576 -0.014778 0.025075 -3.668985 0.014279 0.999699 0.019946 94.615791 -0.025362 -0.019580 0.999487 0.567249 0.000000 0.000000 0.000000 1.000000
0.999537 -0.014896 0.026537 -3.713547 0.014386 0.999710 0.019296 94.620491 -0.026817 -0.018905 0.999462 0.684196 0.000000 0.000000 0.000000 1.000000
0.999490 -0.014872 0.028267 -3.747547 0.014316 0.999702 0.019767 94.626602 -0.028552 -0.019353 0.999405 0.795233 0.000000 0.000000 0.000000 1.000000
0.999430 -0.014509 0.030471 -3.773970 0.013861 0.999675 0.021377 94.633774 -0.030771 -0.020942 0.999307 0.899848 0.000000 0.000000 0.000000 1.000000
0.999363 -0.013924 0.032870 -3.794758 0.013158 0.999640 0.023396 94.639961 -0.033184 -0.022949 0.999186 0.996022 0.000000 0.000000 0.000000 1.000000
0.999289 -0.013383 0.035244 -3.812490 0.012504 0.999608 0.025032 94.642929 -0.035565 -0.024574 0.999065 1.080693 0.000000 0.000000 0.000000 1.000000
0.999204 -0.012977 0.037714 -3.829389 0.012002 0.999590 0.025986 94.642960 -0.038036 -0.025513 0.998951 1.151869 0.000000 0.000000 0.000000 1.000000
0.999101 -0.012552 0.040502 -3.846216 0.011489 0.999586 0.026375 94.642258 -0.040816 -0.025886 0.998831 1.209248 0.000000 0.000000 0.000000 1.000000
