<?xml version="1.0" encoding="utf-8"?>
<COLLADA xmlns="http://www.collada.org/2005/11/COLLADASchema" version="1.4.1">
  <asset><contributor><author>Mixamo</author><authoring_tool>COLLADA Mixamo exporter</authoring_tool><comments></comments></contributor><created>2018-12-10T15:14:20Z</created><modified>2018-12-10T15:14:20Z</modified><revision></revision><title></title><unit meter="0.010000"/><up_axis>Y_UP</up_axis></asset>
  <library_animations>
    <animation id="swat_Hips-anim" name="swat_Hips"><source id="swat_Hips-Matrix-animation-input"><float_array id="swat_Hips-Matrix-animation-input-array" count="41">

0.000000 0.033333 0.066667 0.100000 0.133333 0.166667 0.200000 0.233333 0.266667 0.300000 0.333333 0.366667 0.400000 0.433333 0.466667 0.500000
0.533333 0.566667 0.600000 0.633333 0.666667 0.700000 0.733333 0.766667 0.800000 0.833333 0.866667 0.900000 0.933333 0.966667 1.000000 1.033333
1.066667 1.100000 1.133333 1.166667 1.200000 1.233333 1.266667 1.300000 1.333333</float_array><technique_common><accessor source="#swat_Hips-Matrix-animation-input-array" count="41"><param name="TIME" type="float"/></accessor></technique_common></source><source id="swat_Hips-Matrix-animation-output-transform"><float_array id="swat_Hips-Matrix-animation-output-transform-array" count="656">

0.586013 0.041323 -0.809248 -0.017039 -0.106838 0.993920 -0.026613 91.667236 0.803228 0.102054 0.586865 0.056314 0.000000 0.000000 0.000000 1.000000
0.585671 0.041762 -0.809472 -0.008964 -0.107347 0.993871 -0.026392 91.606071 0.803409 0.102351 0.586565 0.037647 0.000000 0.000000 0.000000 1.000000
0.585682 0.042115 -0.809446 0.002290 -0.107564 0.993855 -0.026119 91.556061 0.803372 0.102365 0.586613 0.015363 0.000000 0.000000 0.000000 1.000000
0.586012 0.042411 -0.809191 0.015097 -0.107764 0.993838 -0.025954 91.517075 0.803104 0.102411 0.586972 -0.008250 0.000000 0.000000 0.000000 1.000000
0.586214 0.042562 -0.809037 0.029483 -0.107950 0.993818 -0.025936 91.482407 0.802932 0.102540 0.587185 -0.031723 0.000000 0.000000 0.000000 1.000000
0.585864 0.042494 -0.809295 0.047590 -0.107918 0.993821 -0.025940 91.447975 0.803192 0.102535 0.586830 -0.056030 0.000000 0.000000 0.000000 1.000000
0.585176 0.042430 -0.809795 0.065999 -0.107808 0.993836 -0.025831 91.415077 0.803708 0.102418 0.586144 -0.081285 0.000000 0.000000 0.000000 1.000000
0.584656 0.042588 -0.810163 0.076979 -0.107848 0.993838 -0.025586 91.384773 0.804081 0.102334 0.585647 -0.105386 0.000000 0.000000 0.000000 1.000000
0.584316 0.042922 -0.810390 0.077942 -0.108020 0.993828 -0.025248 91.355019 0.804305 0.102291 0.585347 -0.127929 0.000000 0.000000 0.000000 1.000000
0.583906 0.043379 -0.810661 0.072891 -0.108287 0.993810 -0.024818 91.324432 0.804567 0.102275 0.584989 -0.151293 0.000000 0.000000 0.000000 1.000000
0.583575 0.043887 -0.810872 0.068029 -0.108713 0.993772 -0.024453 91.294289 0.804749 0.102423 0.584712 -0.178436 0.000000 0.000000 0.000000 1.000000
0.583578 0.044167 -0.810855 0.064828 -0.109234 0.993714 -0.024489 91.269112 0.804677 0.102864 0.584734 -0.211704 0.000000 0.000000 0.000000 1.000000
0.583726 0.044223 -0.810745 0.056475 -0.109661 0.993661 -0.024755 91.253830 0.804511 0.103357 0.584875 -0.249818 0.000000 0.000000 0.000000 1.000000
0.583679 0.044397 -0.810770 0.040740 -0.110051 0.993616 -0.024817 91.249352 0.804492 0.103711 0.584839 -0.286928 0.000000 0.000000 0.000000 1.000000
0.583370 0.044763 -0.810972 0.025774 -0.110631 0.993554 -0.024741 91.250877 0.804637 0.104151 0.584562 -0.318307 0.000000 0.000000 0.000000 1.000000
0.582953 0.045193 -0.811248 0.014101 -0.111419 0.993466 -0.024721 91.251854 0.804830 0.104800 0.584179 -0.344725 0.000000 0.000000 0.000000 1.000000
0.582637 0.045503 -0.811458 -0.000135 -0.112171 0.993379 -0.024835 91.250244 0.804955 0.105492 0.583883 -0.368754 0.000000 0.000000 0.000000 1.000000
0.582577 0.045606 -0.811495 -0.018196 -0.112683 0.993315 -0.025071 91.251328 0.804926 0.106048 0.583821 -0.388383 0.000000 0.000000 0.000000 1.000000
0.582861 0.045638 -0.811289 -0.036950 -0.112986 0.993274 -0.025298 91.264191 0.804678 0.106410 0.584098 -0.400481 0.000000 0.000000 0.000000 1.000000
0.583454 0.045619 -0.810864 -0.054227 -0.113077 0.993259 -0.025484 91.292892 0.804235 0.106558 0.584680 -0.402675 0.000000 0.000000 0.000000 1.000000
0.584109 0.045440 -0.810402 -0.070345 -0.112868 0.993279 -0.025657 91.333405 0.803789 0.106455 0.585312 -0.392816 0.000000 0.000000 0.000000 1.000000
0.584606 0.045119 -0.810062 -0.086552 -0.112362 0.993333 -0.025763 91.378365 0.803499 0.106081 0.585778 -0.373656 0.000000 0.000000 0.000000 1.000000
0.585088 0.044909 -0.809726 -0.103907 -0.111703 0.993411 -0.025618 91.422714 0.803240 0.105437 0.586249 -0.349842 0.000000 0.000000 0.000000 1.000000
0.585819 0.044929 -0.809196 -0.122779 -0.111048 0.993495 -0.025231 91.466660 0.802798 0.104640 0.586997 -0.322341 0.000000 0.000000 0.000000 1.000000
0.586788 0.045002 -0.808489 -0.141750 -0.110492 0.993565 -0.024889 91.512688 0.802167 0.103936 0.587984 -0.289947 0.000000 0.000000 0.000000 1.000000
0.587807 0.044976 -0.807750 -0.160048 -0.110028 0.993620 -0.024743 91.557373 0.801484 0.103420 0.589005 -0.253775 0.000000 0.000000 0.000000 1.000000
0.588692 0.044844 -0.807113 -0.180684 -0.109502 0.993681 -0.024659 91.597198 0.800907 0.102897 0.589882 -0.215486 0.000000 0.000000 0.000000 1.000000
0.589296 0.044583 -0.806686 -0.204951 -0.108810 0.993759 -0.024565 91.640869 0.800557 0.102252 0.590469 -0.174430 0.000000 0.000000 0.000000 1.000000
0.589467 0.044264 -0.806579 -0.226333 -0.108228 0.993823 -0.024556 91.690979 0.800509 0.101770 0.590617 -0.130333 0.000000 0.000000 0.000000 1.000000
0.589229 0.043954 -0.806770 -0.239691 -0.107793 0.993869 -0.024580 91.739548 0.800743 0.101447 0.590355 -0.089648 0.000000 0.000000 0.000000 1.000000
0.588787 0.043588 -0.807112 -0.246314 -0.107276 0.993925 -0.024580 91.784576 0.801138 0.101056 0.589887 -0.056308 0.000000 0.000000 0.000000 1.000000
0.588349 0.042965 -0.807465 -0.249323 -0.106568 0.993997 -0.024759 91.831345 0.801554 0.100617 0.589396 -0.031993 0.000000 0.000000 0.000000 1.000000
0.588100 0.042303 -0.807681 -0.248275 -0.106071 0.994040 -0.025170 91.874252 0.801802 0.100474 0.589082 -0.013871 0.000000 0.000000 0.000000 1.000000
0.588084 0.041883 -0.807715 -0.239856 -0.106031 0.994032 -0.025655 91.903534 0.801820 0.100730 0.589015 0.003318 0.000000 0.000000 0.000000 1.000000
0.587973 0.041448 -0.807818 -0.222193 -0.106038 0.994017 -0.026178 91.919373 0.801900 0.101052 0.588851 0.017790 0.000000 0.000000 0.000000 1.000000
0.587580 0.040859 -0.808134 -0.198586 -0.105909 0.994016 -0.026748 91.919884 0.802205 0.101305 0.588391 0.025819 0.000000 0.000000 0.000000 1.000000
0.587205 0.040491 -0.808425 -0.170656 -0.106004 0.993993 -0.027211 91.895027 0.802467 0.101675 0.587970 0.033426 0.000000 0.000000 0.000000 1.000000
0.586994 0.040587 -0.808573 -0.134721 -0.106330 0.993956 -0.027299 91.845474 0.802578 0.102001 0.587762 0.046794 0.000000 0.000000 0.000000 1.000000
0.586780 0.040914 -0.808712 -0.092293 -0.106486 0.993948 -0.026979 91.787224 0.802714 0.101947 0.587586 0.059693 0.000000 0.000000 0.000000 1.000000
0.586460 0.041176 -0.808931 -0.052414 -0.106533 0.993952 -0.026640 91.728928 0.802942 0.101801 0.587299 0.063782 0.000000 0.000000 0.000000 1.000000
0.586013 0.041323 -0.809248 -0.017039 -0.106837 0.993920 -0.026613 91.667244 0.803228 0.102054 0.586865 0.056311 0.000000 0.000000 0.000000 1.000000</float_array><technique_common><accessor source="#swat_Hips-Matrix-animation-output-transform-array" count="41" stride="16"><param type="float4x4"/></accessor></technique_common></source><source id="swat_Hips-Interpolations"><Name_array id="swat_Hips-Interpolations-array" count="41">
 LINEAR LINEAR LINEAR LINEAR LINEAR LINEAR LINEAR LINEAR LINEAR LINEAR LINEAR
LINEAR LINEAR LINEAR LINEAR LINEAR LINEAR LINEAR LINEAR LINEAR LINEAR LINEAR LINEAR
LINEAR LINEAR LINEAR LINEAR LINEAR LINEAR LINEAR LINEAR LINEAR LINEAR LINEAR LINEAR
LINEAR LINEAR LINEAR LINEAR LINEAR LINEAR</Name_array><technique_common><accessor source="#swat_Hips-Interpolations-array" count="41"><param type="name"/></accessor></technique_common></source><sampler id="swat_Hips-Matrix-animation-transform"><input semantic="INPUT" source="#swat_Hips-Matrix-animation-input"/><input semantic="OUTPUT" source="#swat_Hips-Matrix-animation-output-transform"/><input semantic="INTERPOLATION" source="#swat_Hips-Interpolations"/></sampler><channel source="#swat_Hips-Matrix-animation-transform" target="swat_Hips/matrix"/></animation>
    <animation id="swat_Spine-anim" name="swat_Spine"><source id="swat_Spine-Matrix-animation-input"><float_array id="swat_Spine-Matrix-animation-input-array" count="41">

0.000000 0.033333 0.066667 0.100000 0.133333 0.166667 0.200000 0.233333 0.266667 0.300000 0.333333 0.366667 0.400000 0.433333 0.466667 0.500000
0.533333 0.566667 0.600000 0.633333 0.666667 0.700000 0.733333 0.766667 0.800000 0.833333 0.866667 0.900000 0.933333 0.966667 1.000000 1.033333
1.066667 1.100000 1.133333 1.166667 1.200000 1.233333 1.266667 1.300000 1.333333</float_array><technique_common><accessor source="#swat_Spine-Matrix-animation-input-array" count="41"><param name="TIME" type="float"/></accessor></technique_common></source><source id="swat_Spine-Matrix-animation-output-transform"><float_array id="swat_Spine-Matrix-animation-output-transform-array" count="656">

0.992225 -0.041348 0.117391 0.000000 0.046843 0.997913 -0.044441 9.226300 -0.115308 0.049595 0.992091 1.577100 0.000000 0.000000 0.000000 1.000000
0.992202 -0.041936 0.117373 0.000000 0.047466 0.997871 -0.044720 9.226300 -0.115248 0.049942 0.992080 1.577100 0.000000 0.000000 0.000000 1.000000
0.992213 -0.042261 0.117161 0.000000 0.047837 0.997832 -0.045193 9.226300 -0.114997 0.050446 0.992084 1.577100 0.000000 0.000000 0.000000 1.000000
0.992236 -0.042550 0.116861 -0.000000 0.048156 0.997800 -0.045571 9.226300 -0.114665 0.050845 0.992102 1.577100 0.000000 0.000000 0.000000 1.000000
0.992254 -0.042808 0.116619 -0.000000 0.048436 0.997773 -0.045860 9.226300 -0.114396 0.051153 0.992117 1.577100 0.000000 0.000000 0.000000 1.000000
0.992250 -0.042845 0.116641 -0.000000 0.048515 0.997753 -0.046214 9.226300 -0.114399 0.051515 0.992098 1.577100 0.000000 0.000000 0.000000 1.000000
0.992231 -0.042805 0.116816 0.000000 0.048530 0.997734 -0.046612 9.226300 -0.114556 0.051919 0.992059 1.577100 0.000000 0.000000 0.000000 1.000000
0.992234 -0.042871 0.116761 0.000000 0.048630 0.997714 -0.046927 9.226300 -0.114483 0.052240 0.992051 1.577100 0.000000 0.000000 0.000000 1.000000
0.992276 -0.042901 0.116394 0.000000 0.048663 0.997703 -0.047128 9.226300 -0.114105 0.052428 0.992084 1.577100 0.000000 0.000000 0.000000 1.000000
0.992340 -0.042809 0.115886 0.000000 0.048569 0.997697 -0.047342 9.226300 -0.113593 0.052608 0.992134 1.577100 0.000000 0.000000 0.000000 1.000000
0.992396 -0.042786 0.115409 0.000000 0.048549 0.997686 -0.047594 9.226300 -0.113106 0.052836 0.992177 1.577100 0.000000 0.000000 0.000000 1.000000
0.992435 -0.042793 0.115073 0.000000 0.048549 0.997682 -0.047689 9.226300 -0.112765 0.052915 0.992212 1.577100 0.000000 0.000000 0.000000 1.000000
0.992482 -0.042532 0.114761 -0.000000 0.048267 0.997696 -0.047667 9.226300 -0.112470 0.052848 0.992249 1.577100 0.000000 0.000000 0.000000 1.000000
0.992545 -0.042111 0.114368 -0.000000 0.047828 0.997716 -0.047709 9.226300 -0.112098 0.052824 0.992292 1.577100 0.000000 0.000000 0.000000 1.000000
0.992575 -0.041952 0.114171 0.000000 0.047656 0.997724 -0.047695 9.226300 -0.111910 0.052782 0.992316 1.577100 0.000000 0.000000 0.000000 1.000000
0.992544 -0.042120 0.114376 0.000000 0.047814 0.997726 -0.047510 9.226300 -0.112115 0.052624 0.992301 1.577100 0.000000 0.000000 0.000000 1.000000
0.992505 -0.042273 0.114663 0.000000 0.047948 0.997735 -0.047190 9.226300 -0.112408 0.052334 0.992283 1.577100 0.000000 0.000000 0.000000 1.000000
0.992497 -0.042234 0.114740 0.000000 0.047867 0.997757 -0.046793 9.226300 -0.112506 0.051934 0.992293 1.577100 0.000000 0.000000 0.000000 1.000000
0.992500 -0.042170 0.114737 0.000000 0.047757 0.997781 -0.046388 9.226300 -0.112527 0.051520 0.992312 1.577100 0.000000 0.000000 0.000000 1.000000
0.992484 -0.042156 0.114888 0.000000 0.047702 0.997804 -0.045957 9.226300 -0.112698 0.051092 0.992315 1.577100 0.000000 0.000000 0.000000 1.000000
0.992443 -0.042072 0.115273 0.000000 0.047579 0.997833 -0.045446 9.226300 -0.113111 0.050587 0.992294 1.577100 0.000000 0.000000 0.000000 1.000000
0.992391 -0.041858 0.115796 0.000000 0.047331 0.997869 -0.044919 9.226300 -0.113669 0.050058 0.992257 1.577100 0.000000 0.000000 0.000000 1.000000
0.992339 -0.041637 0.116318 -0.000000 0.047090 0.997897 -0.044537 9.226300 -0.114219 0.049673 0.992213 1.577100 0.000000 0.000000 0.000000 1.000000
0.992297 -0.041526 0.116715 -0.000000 0.046972 0.997913 -0.044299 9.226300 -0.114632 0.049440 0.992177 1.577100 0.000000 0.000000 0.000000 1.000000
0.992271 -0.041569 0.116920 0.000000 0.046994 0.997924 -0.044030 9.226300 -0.114847 0.049185 0.992165 1.577100 0.000000 0.000000 0.000000 1.000000
0.992268 -0.041673 0.116905 0.000000 0.047052 0.997939 -0.043640 9.226300 -0.114846 0.048803 0.992184 1.577100 0.000000 0.000000 0.000000 1.000000
0.992298 -0.041527 0.116708 0.000000 0.046843 0.997969 -0.043178 9.226300 -0.114678 0.048313 0.992227 1.577100 0.000000 0.000000 0.000000 1.000000
0.992333 -0.041023 0.116588 0.000000 0.046273 0.998017 -0.042682 9.226300 -0.114605 0.047750 0.992263 1.577100 0.000000 0.000000 0.000000 1.000000
0.992325 -0.040695 0.116773 -0.000000 0.045891 0.998056 -0.042158 9.226300 -0.114831 0.047193 0.992263 1.577100 0.000000 0.000000 0.000000 1.000000
0.992297 -0.040585 0.117042 0.000000 0.045745 0.998081 -0.041743 9.226300 -0.115123 0.046775 0.992249 1.577100 0.000000 0.000000 0.000000 1.000000
0.992294 -0.040284 0.117174 0.000000 0.045419 0.998106 -0.041488 9.226300 -0.115281 0.046490 0.992244 1.577100 0.000000 0.000000 0.000000 1.000000
0.992313 -0.039606 0.117241 -0.000000 0.044715 0.998147 -0.041273 9.226300 -0.115389 0.046198 0.992245 1.577100 0.000000 0.000000 0.000000 1.000000
0.992328 -0.039093 0.117286 -0.000000 0.044174 0.998181 -0.041036 9.226300 -0.115468 0.045902 0.992250 1.577100 0.000000 0.000000 0.000000 1.000000
0.992334 -0.039093 0.117240 0.000000 0.044150 0.998189 -0.040851 9.226300 -0.115431 0.045714 0.992263 1.577100 0.000000 0.000000 0.000000 1.000000
0.992340 -0.039104 0.117182 -0.000000 0.044154 0.998191 -0.040809 9.226300 -0.115374 0.045670 0.992272 1.577100 0.000000 0.000000 0.000000 1.000000
0.992344 -0.038925 0.117211 -0.000000 0.043990 0.998193 -0.040934 9.226300 -0.115406 0.045777 0.992263 1.577100 0.000000 0.000000 0.000000 1.000000
0.992329 -0.039129 0.117273 0.000000 0.044236 0.998169 -0.041263 9.226300 -0.115443 0.046134 0.992242 1.577100 0.000000 0.000000 0.000000 1.000000
0.992295 -0.039884 0.117299 0.000000 0.045077 0.998102 -0.041956 9.226300 -0.115403 0.046920 0.992210 1.577100 0.000000 0.000000 0.000000 1.000000
0.992260 -0.040589 0.117353 0.000000 0.045906 0.998021 -0.042966 9.226300 -0.115377 0.048021 0.992160 1.577100 0.000000 0.000000 0.000000 1.000000
0.992236 -0.040984 0.117426 0.000000 0.046411 0.997959 -0.043856 9.226300 -0.115389 0.048965 0.992113 1.577100 0.000000 0.000000 0.000000 1.000000
0.992225 -0.041348 0.117391 0.000000 0.046843 0.997913 -0.044441 9.226300 -0.115308 0.049595 0.992091 1.577100 0.000000 0.000000 0.000000 1.000000</float_array><technique_common><accessor source="#swat_Spine-Matrix-animation-output-transform-array" count="41" stride="16"><param type="float4x4"/></accessor></technique_common></source><source id="swat_Spine-Interpolations"><Name_array id="swat_Spine-Interpolations-array" count="41">
 LINEAR LINEAR LINEAR LINEAR LINEAR LINEAR LINEAR LINEAR LINEAR LINEAR LINEAR
LINEAR LINEAR LINEAR LINEAR LINEAR LINEAR LINEAR LINEAR LINEAR LINEAR LINEAR LINEAR
LINEAR LINEAR LINEAR LINEAR LINEAR LINEAR LINEAR LINEAR LINEAR LINEAR LINEAR LINEAR
LINEAR LINEAR LINEAR LINEAR LINEAR LINEAR</Name_array><technique_common><accessor source="#swat_Spine-Interpolations-array" count="41"><param type="name"/></accessor></technique_common></source><sampler id="swat_Spine-Matrix-animation-transform"><input semantic="INPUT" source="#swat_Spine-Matrix-animation-input"/><input semantic="OUTPUT" source="#swat_Spine-Matrix-animation-output-transform"/><input semantic="INTERPOLATION" source="#swat_Spine-Interpolations"/></sampler><channel source="#swat_Spine-Matrix-animation-transform" target="swat_Spine/matrix"/></animation>
    <animation id="swat_Spine1-anim" name="swat_Spine1"><source id="swat_Spine1-Matrix-animation-input"><float_array id="swat_Spine1-Matrix-animation-input-array" count="41">

0.000000 0.033333 0.066667 0.100000 0.133333 0.166667 0.200000 0.233333 0.266667 0.300000 0.333333 0.366667 0.400000 0.433333 0.466667 0.500000
0.533333 0.566667 0.600000 0.633333 0.666667 0.700000 0.733333 0.766667 0.800000 0.833333 0.866667 0.900000 0.933333 0.966667 1.000000 1.033333
1.066667 1.100000 1.133333 1.166667 1.200000 1.233333 1.266667 1.300000 1.333333</float_array><technique_common><accessor source="#swat_Spine1-Matrix-animation-input-array" count="41"><param name="TIME" type="float"/></accessor></technique_common></source><source id="swat_Spine1-Matrix-animation-output-transform"><float_array id="swat_Spine1-Matrix-animation-output-transform-array" count="656">

0.990537 0.007082 0.137064 0.000000 -0.000681 0.998909 -0.046692 16.254000 -0.137245 0.046157 0.989461 -0.165600 0.000000 0.000000 0.000000 1.000000
0.990543 0.007107 0.137017 0.000000 -0.000694 0.998904 -0.046801 16.254000 -0.137199 0.046263 0.989463 -0.165600 0.000000 0.000000 0.000000 1.000000
0.990568 0.007209 0.136830 0.000000 -0.000771 0.998893 -0.047044 16.254000 -0.137018 0.046495 0.989477 -0.165600 0.000000 0.000000 0.000000 1.000000
0.990602 0.007244 0.136581 0.000000 -0.000795 0.998884 -0.047215 16.254000 -0.136770 0.046663 0.989503 -0.165600 0.000000 0.000000 0.000000 1.000000
0.990629 0.007230 0.136387 -0.000000 -0.000774 0.998879 -0.047327 16.254000 -0.136576 0.046778 0.989525 -0.165600 0.000000 0.000000 0.000000 1.000000
0.990623 0.007292 0.136426 0.000000 -0.000808 0.998870 -0.047521 16.254000 -0.136618 0.046965 0.989510 -0.165600 0.000000 0.000000 0.000000 1.000000
0.990599 0.007397 0.136595 0.000000 -0.000871 0.998858 -0.047774 16.254000 -0.136792 0.047206 0.989474 -0.165600 0.000000 0.000000 0.000000 1.000000
0.990602 0.007463 0.136574 0.000000 -0.000913 0.998849 -0.047962 16.254000 -0.136774 0.047387 0.989468 -0.165600 0.000000 0.000000 0.000000 1.000000
0.990637 0.007533 0.136313 -0.000000 -0.000983 0.998844 -0.048055 16.254000 -0.136517 0.047471 0.989500 -0.165600 0.000000 0.000000 0.000000 1.000000
0.990687 0.007673 0.135946 -0.000000 -0.001128 0.998839 -0.048150 16.254000 -0.136157 0.047549 0.989546 -0.165600 0.000000 0.000000 0.000000 1.000000
0.990737 0.007854 0.135570 0.000000 -0.001314 0.998834 -0.048266 16.254000 -0.135791 0.047641 0.989591 -0.165600 0.000000 0.000000 0.000000 1.000000
0.990775 0.008071 0.135273 -0.000000 -0.001550 0.998834 -0.048243 16.254000 -0.135505 0.047588 0.989633 -0.165600 0.000000 0.000000 0.000000 1.000000
0.990808 0.008362 0.135016 -0.000000 -0.001874 0.998840 -0.048106 16.254000 -0.135261 0.047410 0.989675 -0.165600 0.000000 0.000000 0.000000 1.000000
0.990846 0.008651 0.134718 -0.000000 -0.002192 0.998844 -0.048013 16.254000 -0.134977 0.047278 0.989720 -0.165600 0.000000 0.000000 0.000000 1.000000
0.990866 0.008794 0.134561 -0.000000 -0.002359 0.998849 -0.047911 16.254000 -0.134828 0.047156 0.989746 -0.165600 0.000000 0.000000 0.000000 1.000000
0.990846 0.008797 0.134712 0.000000 -0.002379 0.998857 -0.047730 16.254000 -0.134978 0.046973 0.989735 -0.165600 0.000000 0.000000 0.000000 1.000000
0.990816 0.008785 0.134934 -0.000000 -0.002391 0.998870 -0.047472 16.254000 -0.135198 0.046714 0.989717 -0.165600 0.000000 0.000000 0.000000 1.000000
0.990808 0.008788 0.134991 0.000000 -0.002434 0.998884 -0.047159 16.254000 -0.135255 0.046397 0.989724 -0.165600 0.000000 0.000000 0.000000 1.000000
0.990810 0.008749 0.134979 0.000000 -0.002437 0.998898 -0.046862 16.254000 -0.135241 0.046103 0.989740 -0.165600 0.000000 0.000000 0.000000 1.000000
0.990795 0.008634 0.135096 0.000000 -0.002353 0.998911 -0.046587 16.254000 -0.135351 0.045840 0.989737 -0.165600 0.000000 0.000000 0.000000 1.000000
0.990752 0.008458 0.135424 -0.000000 -0.002200 0.998925 -0.046294 16.254000 -0.135670 0.045568 0.989706 -0.165600 0.000000 0.000000 0.000000 1.000000
0.990691 0.008302 0.135879 0.000000 -0.002057 0.998938 -0.046037 16.254000 -0.136117 0.045329 0.989655 -0.165600 0.000000 0.000000 0.000000 1.000000
0.990629 0.008192 0.136331 0.000000 -0.001939 0.998943 -0.045934 16.254000 -0.136563 0.045239 0.989598 -0.165600 0.000000 0.000000 0.000000 1.000000
0.990583 0.008038 0.136675 0.000000 -0.001766 0.998942 -0.045949 16.254000 -0.136900 0.045275 0.989550 -0.165600 0.000000 0.000000 0.000000 1.000000
0.990563 0.007811 0.136838 0.000000 -0.001535 0.998945 -0.045905 16.254000 -0.137052 0.045262 0.989529 -0.165600 0.000000 0.000000 0.000000 1.000000
0.990571 0.007596 0.136793 0.000000 -0.001345 0.998953 -0.045729 16.254000 -0.136997 0.045113 0.989544 -0.165600 0.000000 0.000000 0.000000 1.000000
0.990593 0.007482 0.136638 0.000000 -0.001272 0.998964 -0.045484 16.254000 -0.136837 0.044882 0.989576 -0.165600 0.000000 0.000000 0.000000 1.000000
0.990597 0.007456 0.136612 0.000000 -0.001283 0.998976 -0.045215 16.254000 -0.136809 0.044614 0.989592 -0.165600 0.000000 0.000000 0.000000 1.000000
0.990571 0.007373 0.136799 0.000000 -0.001231 0.998990 -0.044924 16.254000 -0.136992 0.044332 0.989580 -0.165600 0.000000 0.000000 0.000000 1.000000
0.990544 0.007206 0.137007 0.000000 -0.001083 0.998999 -0.044714 16.254000 -0.137192 0.044143 0.989560 -0.165600 0.000000 0.000000 0.000000 1.000000
0.990529 0.007074 0.137122 0.000000 -0.000958 0.999003 -0.044623 16.254000 -0.137301 0.044069 0.989549 -0.165600 0.000000 0.000000 0.000000 1.000000
0.990516 0.007083 0.137214 0.000000 -0.000972 0.999007 -0.044548 16.254000 -0.137393 0.043992 0.989539 -0.165600 0.000000 0.000000 0.000000 1.000000
0.990511 0.007071 0.137249 0.000000 -0.000973 0.999011 -0.044447 16.254000 -0.137427 0.043892 0.989539 -0.165600 0.000000 0.000000 0.000000 1.000000
0.990525 0.006864 0.137161 0.000000 -0.000778 0.999015 -0.044378 16.254000 -0.137330 0.043850 0.989554 -0.165600 0.000000 0.000000 0.000000 1.000000
0.990538 0.006672 0.137076 0.000000 -0.000585 0.999014 -0.044398 16.254000 -0.137237 0.043898 0.989565 -0.165600 0.000000 0.000000 0.000000 1.000000
0.990537 0.006693 0.137085 0.000000 -0.000591 0.999009 -0.044505 16.254000 -0.137247 0.044003 0.989559 -0.165600 0.000000 0.000000 0.000000 1.000000
0.990535 0.006727 0.137096 0.000000 -0.000598 0.999000 -0.044699 16.254000 -0.137260 0.044194 0.989549 -0.165600 0.000000 0.000000 0.000000 1.000000
0.990541 0.006659 0.137056 -0.000000 -0.000474 0.998982 -0.045108 16.254000 -0.137217 0.044617 0.989536 -0.165600 0.000000 0.000000 0.000000 1.000000
0.990540 0.006714 0.137059 0.000000 -0.000441 0.998953 -0.045748 16.254000 -0.137222 0.045255 0.989506 -0.165600 0.000000 0.000000 0.000000 1.000000
0.990533 0.006938 0.137100 -0.000000 -0.000585 0.998926 -0.046327 16.254000 -0.137274 0.045808 0.989473 -0.165600 0.000000 0.000000 0.000000 1.000000
0.990537 0.007082 0.137064 0.000000 -0.000681 0.998909 -0.046692 16.254000 -0.137245 0.046157 0.989461 -0.165600 0.000000 0.000000 0.000000 1.000000</float_array><technique_common><accessor source="#swat_Spine1-Matrix-animation-output-transform-array" count="41" stride="16"><param type="float4x4"/></accessor></technique_common></source><source id="swat_Spine1-Interpolations"><Name_array id="swat_Spine1-Interpolations-array" count="41">
 LINEAR LINEAR LINEAR LINEAR LINEAR LINEAR LINEAR LINEAR LINEAR LINEAR LINEAR
LINEAR LINEAR LINEAR LINEAR LINEAR LINEAR LINEAR LINEAR LINEAR LINEAR LINEAR LINEAR
LINEAR LINEAR LINEAR LINEAR LINEAR LINEAR LINEAR LINEAR LINEAR LINEAR LINEAR LINEAR
LINEAR LINEAR LINEAR LINEAR LINEAR LINEAR</Name_array><technique_common><accessor source="#swat_Spine1-Interpolations-array" count="41"><param type="name"/></accessor></technique_common></source><sampler id="swat_Spine1-Matrix-animation-transform"><input semantic="INPUT" source="#swat_Spine1-Matrix-animation-input"/><input semantic="OUTPUT" source="#swat_Spine1-Matrix-animation-output-transform"/><input semantic="INTERPOLATION" source="#swat_Spine1-Interpolations"/></sampler><channel source="#swat_Spine1-Matrix-animation-transform" target="swat_Spine1/matrix"/></animation>
    <animation id="swat_Spine2-anim" name="swat_Spine2"><source id="swat_Spine2-Matrix-animation-input"><float_array id="swat_Spine2-Matrix-animation-input-array" count="41">

0.000000 0.033333 0.066667 0.100000 0.133333 0.166667 0.200000 0.233333 0.266667 0.300000 0.333333 0.366667 0.400000 0.433333 0.466667 0.500000
0.533333 0.566667 0.600000 0.633333 0.666667 0.700000 0.733333 0.766667 0.800000 0.833333 0.866667 0.900000 0.933333 0.966667 1.000000 1.033333
1.066667 1.100000 1.133333 1.166667 1.200000 1.233333 1.266667 1.300000 1.333333</float_array><technique_common><accessor source="#swat_Spine2-Matrix-animation-input-array" count="41"><param name="TIME" type="float"/></accessor></technique_common></source><source id="swat_Spine2-Matrix-animation-output-transform"><float_array id="swat_Spine2-Matrix-animation-output-transform-array" count="656">

0.990540 0.010253 0.136837 0.000000 -0.003677 0.998829 -0.048230 13.639600 -0.137172 0.047271 0.989419 -1.292300 0.000000 0.000000 0.000000 1.000000
0.990544 0.010318 0.136803 -0.000000 -0.003730 0.998824 -0.048330 13.639600 -0.137141 0.047363 0.989419 -1.292300 0.000000 0.000000 0.000000 1.000000
0.990566 0.010462 0.136636 0.000000 -0.003850 0.998813 -0.048565 13.639600 -0.136982 0.047581 0.989430 -1.292300 0.000000 0.000000 0.000000 1.000000
0.990597 0.010535 0.136405 0.000000 -0.003913 0.998804 -0.048727 13.639600 -0.136755 0.047736 0.989454 -1.292300 0.000000 0.000000 0.000000 1.000000
0.990622 0.010553 0.136224 0.000000 -0.003924 0.998799 -0.048834 13.639600 -0.136576 0.047842 0.989474 -1.292300 0.000000 0.000000 0.000000 1.000000
0.990614 0.010637 0.136271 -0.000000 -0.003981 0.998790 -0.049024 13.639600 -0.136628 0.048022 0.989458 -1.292300 0.000000 0.000000 0.000000 1.000000
0.990589 0.010759 0.136449 0.000000 -0.004061 0.998777 -0.049270 13.639600 -0.136813 0.048252 0.989421 -1.292300 0.000000 0.000000 0.000000 1.000000
0.990588 0.010844 0.136445 0.000000 -0.004123 0.998768 -0.049445 13.639600 -0.136813 0.048417 0.989413 -1.292300 0.000000 0.000000 0.000000 1.000000
0.990620 0.010934 0.136208 -0.000000 -0.004215 0.998764 -0.049521 13.639600 -0.136581 0.048482 0.989442 -1.292300 0.000000 0.000000 0.000000 1.000000
0.990666 0.011094 0.135862 0.000000 -0.004382 0.998759 -0.049604 13.639600 -0.136244 0.048546 0.989485 -1.292300 0.000000 0.000000 0.000000 1.000000
0.990713 0.011301 0.135502 -0.000000 -0.004593 0.998753 -0.049716 13.639600 -0.135895 0.048632 0.989529 -1.292300 0.000000 0.000000 0.000000 1.000000
0.990749 0.011546 0.135214 0.000000 -0.004857 0.998753 -0.049693 13.639600 -0.135619 0.048576 0.989569 -1.292300 0.000000 0.000000 0.000000 1.000000
0.990780 0.011861 0.134963 0.000000 -0.005206 0.998758 -0.049557 13.639600 -0.135383 0.048397 0.989611 -1.292300 0.000000 0.000000 0.000000 1.000000
0.990816 0.012173 0.134670 0.000000 -0.005547 0.998760 -0.049469 13.639600 -0.135105 0.048267 0.989655 -1.292300 0.000000 0.000000 0.000000 1.000000
0.990835 0.012333 0.134516 0.000000 -0.005729 0.998764 -0.049369 13.639600 -0.134959 0.048146 0.989681 -1.292300 0.000000 0.000000 0.000000 1.000000
0.990814 0.012342 0.134667 0.000000 -0.005756 0.998773 -0.049184 13.639600 -0.135109 0.047957 0.989669 -1.292300 0.000000 0.000000 0.000000 1.000000
0.990785 0.012327 0.134884 0.000000 -0.005767 0.998786 -0.048922 13.639600 -0.135323 0.047693 0.989653 -1.292300 0.000000 0.000000 0.000000 1.000000
0.990778 0.012324 0.134935 0.000000 -0.005804 0.998801 -0.048607 13.639600 -0.135372 0.047375 0.989662 -1.292300 0.000000 0.000000 0.000000 1.000000
0.990781 0.012274 0.134919 0.000000 -0.005795 0.998816 -0.048309 13.639600 -0.135352 0.047081 0.989678 -1.292300 0.000000 0.000000 0.000000 1.000000
0.990768 0.012138 0.135026 0.000000 -0.005690 0.998829 -0.048035 13.639600 -0.135451 0.046823 0.989677 -1.292300 0.000000 0.000000 0.000000 1.000000
0.990728 0.011926 0.135336 -0.000000 -0.005502 0.998844 -0.047746 13.639600 -0.135749 0.046558 0.989649 -1.292300 0.000000 0.000000 0.000000 1.000000
0.990671 0.011723 0.135770 -0.000000 -0.005311 0.998858 -0.047491 13.639600 -0.136172 0.046327 0.989601 -1.292300 0.000000 0.000000 0.000000 1.000000
0.990614 0.011560 0.136203 0.000000 -0.005141 0.998863 -0.047392 13.639600 -0.136596 0.046247 0.989547 -1.292300 0.000000 0.000000 0.000000 1.000000
0.990571 0.011358 0.136526 0.000000 -0.004917 0.998863 -0.047418 13.639600 -0.136909 0.046300 0.989501 -1.292300 0.000000 0.000000 0.000000 1.000000
0.990557 0.011088 0.136656 0.000000 -0.004642 0.998865 -0.047400 13.639600 -0.137026 0.046318 0.989484 -1.292300 0.000000 0.000000 0.000000 1.000000
0.990571 0.010840 0.136571 0.000000 -0.004415 0.998873 -0.047258 13.639600 -0.136929 0.046210 0.989502 -1.292300 0.000000 0.000000 0.000000 1.000000
0.990597 0.010693 0.136394 -0.000000 -0.004307 0.998884 -0.047030 13.639600 -0.136745 0.046000 0.989538 -1.292300 0.000000 0.000000 0.000000 1.000000
0.990602 0.010627 0.136364 0.000000 -0.004279 0.998897 -0.046755 13.639600 -0.136710 0.045732 0.989555 -1.292300 0.000000 0.000000 0.000000 1.000000
0.990579 0.010503 0.136540 -0.000000 -0.004187 0.998911 -0.046462 13.639600 -0.136879 0.045453 0.989544 -1.292300 0.000000 0.000000 0.000000 1.000000
0.990555 0.010299 0.136727 0.000000 -0.004000 0.998921 -0.046260 13.639600 -0.137056 0.045277 0.989528 -1.292300 0.000000 0.000000 0.000000 1.000000
0.990543 0.010132 0.136826 -0.000000 -0.003839 0.998926 -0.046179 13.639600 -0.137147 0.045217 0.989518 -1.292300 0.000000 0.000000 0.000000 1.000000
0.990533 0.010104 0.136903 -0.000000 -0.003816 0.998929 -0.046114 13.639600 -0.137223 0.045155 0.989510 -1.292300 0.000000 0.000000 0.000000 1.000000
0.990531 0.010060 0.136924 -0.000000 -0.003784 0.998933 -0.046024 13.639600 -0.137240 0.045070 0.989512 -1.292300 0.000000 0.000000 0.000000 1.000000
0.990547 0.009833 0.136823 0.000000 -0.003567 0.998937 -0.045963 13.639600 -0.137130 0.045041 0.989529 -1.292300 0.000000 0.000000 0.000000 1.000000
0.990561 0.009627 0.136733 0.000000 -0.003361 0.998936 -0.045987 13.639600 -0.137030 0.045093 0.989540 -1.292300 0.000000 0.000000 0.000000 1.000000
0.990560 0.009645 0.136742 0.000000 -0.003363 0.998931 -0.046095 13.639600 -0.137041 0.045200 0.989534 -1.292300 0.000000 0.000000 0.000000 1.000000
0.990557 0.009701 0.136759 -0.000000 -0.003392 0.998922 -0.046290 13.639600 -0.137060 0.045389 0.989522 -1.292300 0.000000 0.000000 0.000000 1.000000
0.990561 0.009682 0.136733 0.000000 -0.003318 0.998904 -0.046699 13.639600 -0.137035 0.045804 0.989507 -1.292300 0.000000 0.000000 0.000000 1.000000
0.990555 0.009797 0.136762 0.000000 -0.003344 0.998874 -0.047331 13.639600 -0.137072 0.046426 0.989473 -1.292300 0.000000 0.000000 0.000000 1.000000
0.990542 0.010071 0.136839 0.000000 -0.003539 0.998846 -0.047890 13.639600 -0.137163 0.046953 0.989435 -1.292300 0.000000 0.000000 0.000000 1.000000
0.990540 0.010254 0.136837 0.000000 -0.003677 0.998829 -0.048230 13.639600 -0.137172 0.047271 0.989419 -1.292300 0.000000 0.000000 0.000000 1.000000</float_array><technique_common><accessor source="#swat_Spine2-Matrix-animation-output-transform-array" count="41" stride="16"><param type="float4x4"/></accessor></technique_common></source><source id="swat_Spine2-Interpolations"><Name_array id="swat_Spine2-Interpolations-array" count="41">
 LINEAR LINEAR LINEAR LINEAR LINEAR LINEAR LINEAR LINEAR LINEAR LINEAR LINEAR
LINEAR LINEAR LINEAR LINEAR LINEAR LINEAR LINEAR LINEAR LINEAR LINEAR LINEAR LINEAR
LINEAR LINEAR LINEAR LINEAR LINEAR LINEAR LINEAR LINEAR LINEAR LINEAR LINEAR LINEAR
LINEAR LINEAR LINEAR LINEAR LINEAR LINEAR</Name_array><technique_common><accessor source="#swat_Spine2-Interpolations-array" count="41"><param type="name"/></accessor></technique_common></source><sampler id="swat_Spine2-Matrix-animation-transform"><input semantic="INPUT" source="#swat_Spine2-Matrix-animation-input"/><input semantic="OUTPUT" source="#swat_Spine2-Matrix-animation-output-transform"/><input semantic="INTERPOLATION" source="#swat_Spine2-Interpolations"/></sampler><channel source="#swat_Spine2-Matrix-animation-transform" target="swat_Spine2/matrix"/></animation>
    <animation id="swat_Neck-anim" name="swat_Neck"><source id="swat_Neck-Matrix-animation-input"><float_array id="swat_Neck-Matrix-animation-input-array" count="41">

0.000000 0.033333 0.066667 0.100000 0.133333 0.166667 0.200000 0.233333 0.266667 0.300000 0.333333 0.366667 0.400000 0.433333 0.466667 0.500000
0.533333 0.566667 0.600000 0.633333 0.666667 0.700000 0.733333 0.766667 0.800000 0.833333 0.866667 0.900000 0.933333 0.966667 1.000000 1.033333
1.066667 1.100000 1.133333 1.166667 1.200000 1.233333 1.266667 1.300000 1.333333</float_array><technique_common><accessor source="#swat_Neck-Matrix-animation-input-array" count="41"><param name="TIME" type="float"/></accessor></technique_common></source><source id="swat_Neck-Matrix-animation-output-transform"><float_array id="swat_Neck-Matrix-animation-output-transform-array" count="656">

0.997592 0.036874 0.058734 0.000000 -0.030392 0.993722 -0.107674 13.877400 -0.062336 0.105630 0.992450 -4.354200 0.000000 0.000000 0.000000 1.000000
0.997601 0.036797 0.058639 -0.000000 -0.030344 0.993757 -0.107364 13.877400 -0.062224 0.105327 0.992489 -4.354200 0.000000 0.000000 0.000000 1.000000
0.997610 0.036787 0.058490 0.000000 -0.030370 0.993790 -0.107048 13.877400 -0.062065 0.105016 0.992532 -4.354200 0.000000 0.000000 0.000000 1.000000
0.997619 0.036767 0.058355 0.000000 -0.030380 0.993818 -0.106785 13.877400 -0.061921 0.104758 0.992568 -4.354200 0.000000 0.000000 0.000000 1.000000
0.997618 0.036797 0.058343 0.000000 -0.030433 0.993853 -0.106440 13.877400 -0.061901 0.104411 0.992606 -4.354200 0.000000 0.000000 0.000000 1.000000
0.997614 0.036868 0.058368 0.000000 -0.030529 0.993898 -0.105997 13.877400 -0.061919 0.103962 0.992652 -4.354200 0.000000 0.000000 0.000000 1.000000
0.997614 0.036919 0.058344 0.000000 -0.030602 0.993929 -0.105680 13.877400 -0.061892 0.103643 0.992687 -4.354200 0.000000 0.000000 0.000000 1.000000
0.997612 0.036907 0.058386 -0.000000 -0.030592 0.993940 -0.105580 13.877400 -0.061929 0.103542 0.992695 -4.354200 0.000000 0.000000 0.000000 1.000000
0.997605 0.036807 0.058555 -0.000000 -0.030479 0.993951 -0.105513 13.877400 -0.062084 0.103475 0.992693 -4.354200 0.000000 0.000000 0.000000 1.000000
0.997596 0.036676 0.058791 0.000000 -0.030339 0.993979 -0.105287 13.877400 -0.062299 0.103251 0.992702 -4.354200 0.000000 0.000000 0.000000 1.000000
0.997587 0.036616 0.058980 -0.000000 -0.030280 0.994016 -0.104950 13.877400 -0.062470 0.102911 0.992727 -4.354200 0.000000 0.000000 0.000000 1.000000
0.997583 0.036609 0.059064 0.000000 -0.030283 0.994048 -0.104654 13.877400 -0.062544 0.102613 0.992753 -4.354200 0.000000 0.000000 0.000000 1.000000
0.997581 0.036580 0.059102 0.000000 -0.030263 0.994070 -0.104448 13.877400 -0.062573 0.102406 0.992773 -4.354200 0.000000 0.000000 0.000000 1.000000
0.997581 0.036529 0.059135 -0.000000 -0.030215 0.994082 -0.104348 13.877400 -0.062597 0.102308 0.992781 -4.354200 0.000000 0.000000 0.000000 1.000000
0.997582 0.036502 0.059138 0.000000 -0.030187 0.994081 -0.104360 13.877400 -0.062598 0.102322 0.992780 -4.354200 0.000000 0.000000 0.000000 1.000000
0.997585 0.036508 0.059092 0.000000 -0.030194 0.994075 -0.104422 13.877400 -0.062554 0.102385 0.992776 -4.354200 0.000000 0.000000 0.000000 1.000000
0.997587 0.036505 0.059052 -0.000000 -0.030192 0.994068 -0.104488 13.877400 -0.062516 0.102453 0.992771 -4.354200 0.000000 0.000000 0.000000 1.000000
0.997590 0.036452 0.059030 -0.000000 -0.030134 0.994059 -0.104591 13.877400 -0.062491 0.102560 0.992762 -4.354200 0.000000 0.000000 0.000000 1.000000
0.997597 0.036373 0.058962 0.000000 -0.030051 0.994042 -0.104769 13.877400 -0.062421 0.102745 0.992747 -4.354200 0.000000 0.000000 0.000000 1.000000
0.997607 0.036307 0.058847 0.000000 -0.029983 0.994020 -0.105000 13.877400 -0.062307 0.102984 0.992730 -4.354200 0.000000 0.000000 0.000000 1.000000
0.997613 0.036266 0.058767 0.000000 -0.029935 0.993996 -0.105242 13.877400 -0.062231 0.103231 0.992709 -4.354200 0.000000 0.000000 0.000000 1.000000
0.997616 0.036215 0.058737 -0.000000 -0.029870 0.993969 -0.105514 13.877400 -0.062204 0.103508 0.992682 -4.354200 0.000000 0.000000 0.000000 1.000000
0.997622 0.036154 0.058675 0.000000 -0.029794 0.993934 -0.105864 13.877400 -0.062147 0.103864 0.992648 -4.354200 0.000000 0.000000 0.000000 1.000000
0.997627 0.036162 0.058586 -0.000000 -0.029788 0.993896 -0.106225 13.877400 -0.062069 0.104228 0.992615 -4.354200 0.000000 0.000000 0.000000 1.000000
0.997624 0.036275 0.058572 -0.000000 -0.029882 0.993859 -0.106545 13.877400 -0.062078 0.104542 0.992581 -4.354200 0.000000 0.000000 0.000000 1.000000
0.997618 0.036377 0.058603 0.000000 -0.029958 0.993818 -0.106899 13.877400 -0.062130 0.104889 0.992541 -4.354200 0.000000 0.000000 0.000000 1.000000
0.997620 0.036326 0.058603 -0.000000 -0.029884 0.993780 -0.107273 13.877400 -0.062135 0.105266 0.992501 -4.354200 0.000000 0.000000 0.000000 1.000000
0.997625 0.036250 0.058575 -0.000000 -0.029792 0.993749 -0.107588 13.877400 -0.062109 0.105588 0.992468 -4.354200 0.000000 0.000000 0.000000 1.000000
0.997620 0.036352 0.058587 0.000000 -0.029874 0.993714 -0.107887 13.877400 -0.062141 0.105880 0.992435 -4.354200 0.000000 0.000000 0.000000 1.000000
0.997611 0.036532 0.058633 0.000000 -0.030028 0.993675 -0.108203 13.877400 -0.062215 0.106184 0.992398 -4.354200 0.000000 0.000000 0.000000 1.000000
0.997605 0.036651 0.058652 -0.000000 -0.030126 0.993640 -0.108497 13.877400 -0.062255 0.106470 0.992365 -4.354200 0.000000 0.000000 0.000000 1.000000
0.997603 0.036708 0.058653 0.000000 -0.030167 0.993611 -0.108751 13.877400 -0.062270 0.106721 0.992337 -4.354200 0.000000 0.000000 0.000000 1.000000
0.997599 0.036773 0.058683 0.000000 -0.030215 0.993586 -0.108967 13.877400 -0.062313 0.106932 0.992312 -4.354200 0.000000 0.000000 0.000000 1.000000
0.997593 0.036873 0.058733 0.000000 -0.030299 0.993566 -0.109129 13.877400 -0.062379 0.107087 0.992291 -4.354200 0.000000 0.000000 0.000000 1.000000
0.997588 0.036932 0.058777 0.000000 -0.030350 0.993558 -0.109184 13.877400 -0.062431 0.107137 0.992282 -4.354200 0.000000 0.000000 0.000000 1.000000
0.997586 0.036920 0.058806 0.000000 -0.030341 0.993569 -0.109086 13.877400 -0.062455 0.107039 0.992291 -4.354200 0.000000 0.000000 0.000000 1.000000
0.997585 0.036961 0.058798 -0.000000 -0.030398 0.993594 -0.108843 13.877400 -0.062445 0.106793 0.992319 -4.354200 0.000000 0.000000 0.000000 1.000000
0.997582 0.037110 0.058769 0.000000 -0.030570 0.993626 -0.108503 13.877400 -0.062421 0.106444 0.992357 -4.354200 0.000000 0.000000 0.000000 1.000000
0.997579 0.037193 0.058753 -0.000000 -0.030674 0.993656 -0.108201 13.877400 -0.062405 0.106137 0.992391 -4.354200 0.000000 0.000000 0.000000 1.000000
0.997584 0.037080 0.058751 -0.000000 -0.030576 0.993683 -0.107980 13.877400 -0.062384 0.105923 0.992416 -4.354200 0.000000 0.000000 0.000000 1.000000
0.997592 0.036874 0.058734 -0.000000 -0.030392 0.993722 -0.107674 13.877400 -0.062336 0.105630 0.992450 -4.354200 0.000000 0.000000 0.000000 1.000000</float_array><technique_common><accessor source="#swat_Neck-Matrix-animation-output-transform-array" count="41" stride="16"><param type="float4x4"/></accessor></technique_common></source><source id="swat_Neck-Interpolations"><Name_array id="swat_Neck-Interpolations-array" count="41">
