<?xml version="1.0" encoding="utf-8"?>
<COLLADA xmlns="http://www.collada.org/2005/11/COLLADASchema" version="1.4.1">
  <asset><contributor><author>Mixamo</author><authoring_tool>COLLADA Mixamo exporter</authoring_tool><comments></comments></contributor><created>2018-12-08T13:37:30Z</created><modified>2018-12-08T13:37:30Z</modified><revision></revision><title></title><unit meter="0.010000"/><up_axis>Y_UP</up_axis></asset>
  <library_animations>
    <animation id="swat_Hips-anim" name="swat_Hips"><source id="swat_Hips-Matrix-animation-input"><float_array id="swat_Hips-Matrix-animation-input-array" count="29">

0.000000 0.033333 0.066667 0.100000 0.133333 0.166667 0.200000 0.233333 0.266667 0.300000 0.333333 0.366667 0.400000 0.433333 0.466667 0.500000
0.533333 0.566667 0.600000 0.633333 0.666667 0.700000 0.733333 0.766667 0.800000 0.833333 0.866667 0.900000 0.933333</float_array><technique_common><accessor source="#swat_Hips-Matrix-animation-input-array" count="29"><param name="TIME" type="float"/></accessor></technique_common></source><source id="swat_Hips-Matrix-animation-output-transform"><float_array id="swat_Hips-Matrix-animation-output-transform-array" count="464">

0.992465 0.046609 0.113320 0.027129 -0.054237 0.996398 0.065193 95.568298 -0.109873 -0.070848 0.991417 0.006274 0.000000 0.000000 0.000000 1.000000
0.997451 0.054576 0.045975 0.189135 -0.056932 0.997044 0.051587 95.404526 -0.043023 -0.054073 0.997610 -0.622429 0.000000 0.000000 0.000000 1.000000
0.997854 0.059265 -0.027827 0.522405 -0.058074 0.997436 0.041826 95.194725 0.030234 -0.040120 0.998737 -1.163038 0.000000 0.000000 0.000000 1.000000
0.992792 0.064984 -0.100703 1.032946 -0.061627 0.997446 0.036104 95.161201 0.102792 -0.029637 0.994261 -1.792748 0.000000 0.000000 0.000000 1.000000
0.983349 0.072640 -0.166576 1.706522 -0.067910 0.997114 0.033928 95.333717 0.168560 -0.022051 0.985445 -2.471756 0.000000 0.000000 0.000000 1.000000
0.971460 0.078876 -0.223707 2.451986 -0.072978 0.996736 0.034526 95.482849 0.225700 -0.017215 0.974045 -3.141809 0.000000 0.000000 0.000000 1.000000
0.958947 0.079405 -0.272243 3.165200 -0.072087 0.996720 0.036793 95.451797 0.274272 -0.015657 0.961525 -3.773883 0.000000 0.000000 0.000000 1.000000
0.945953 0.075754 -0.315333 3.809644 -0.066817 0.997000 0.039073 95.307182 0.317347 -0.015892 0.948176 -4.384758 0.000000 0.000000 0.000000 1.000000
0.930686 0.071299 -0.358802 4.370731 -0.060463 0.997314 0.041348 95.118301 0.360787 -0.016787 0.932497 -4.987278 0.000000 0.000000 0.000000 1.000000
0.912633 0.068289 -0.403035 4.809609 -0.054405 0.997467 0.045813 94.948196 0.405143 -0.019884 0.914037 -5.556750 0.000000 0.000000 0.000000 1.000000
0.894106 0.068691 -0.442557 5.056463 -0.050440 0.997325 0.052893 94.889328 0.445006 -0.024969 0.895179 -6.081827 0.000000 0.000000 0.000000 1.000000
0.877222 0.072159 -0.474630 5.028441 -0.049239 0.996949 0.060563 94.926315 0.477552 -0.029757 0.878099 -6.596250 0.000000 0.000000 0.000000 1.000000
0.860578 0.078104 -0.503294 4.810946 -0.051162 0.996430 0.067151 94.976723 0.506742 -0.032040 0.861502 -7.126233 0.000000 0.000000 0.000000 1.000000
0.839731 0.087779 -0.535861 4.664701 -0.058009 0.995702 0.072201 94.874771 0.539896 -0.029544 0.841213 -7.611670 0.000000 0.000000 0.000000 1.000000
0.812364 0.094363 -0.575465 4.657495 -0.060086 0.995113 0.078353 94.679077 0.580047 -0.029074 0.814064 -7.981675 0.000000 0.000000 0.000000 1.000000
0.776885 0.096981 -0.622128 4.689593 -0.055295 0.994758 0.086019 94.578461 0.627209 -0.032426 0.778175 -8.217441 0.000000 0.000000 0.000000 1.000000
0.730141 0.095944 -0.676527 4.757356 -0.046389 0.994769 0.091011 94.686066 0.681720 -0.035067 0.730773 -8.276663 0.000000 0.000000 0.000000 1.000000
0.673403 0.096202 -0.732989 4.821825 -0.040533 0.994810 0.093327 94.880745 0.738163 -0.033137 0.673808 -8.124398 0.000000 0.000000 0.000000 1.000000
0.611293 0.098381 -0.785266 4.771051 -0.036895 0.994707 0.095899 95.110809 0.790544 -0.029650 0.611687 -7.803438 0.000000 0.000000 0.000000 1.000000
0.541810 0.098033 -0.834764 4.625274 -0.030901 0.994827 0.096773 95.385262 0.839933 -0.026637 0.542037 -7.343723 0.000000 0.000000 0.000000 1.000000
0.459480 0.096901 -0.882886 4.388319 -0.027018 0.995096 0.095156 95.576584 0.887777 -0.019869 0.459845 -6.738615 0.000000 0.000000 0.000000 1.000000
0.364679 0.097679 -0.925996 3.993608 -0.028862 0.995190 0.093611 95.621063 0.930686 -0.007412 0.365744 -5.987619 0.000000 0.000000 0.000000 1.000000
0.261772 0.099596 -0.959977 3.397660 -0.034971 0.994987 0.093692 95.478592 0.964496 0.009045 0.263942 -5.089590 0.000000 0.000000 0.000000 1.000000
0.150492 0.099168 -0.983625 2.649880 -0.045573 0.994594 0.093302 95.146553 0.987560 0.030786 0.154198 -4.086257 0.000000 0.000000 0.000000 1.000000
0.028187 0.091331 -0.995422 1.918267 -0.053401 0.994533 0.089737 94.965149 0.998175 0.050628 0.032910 -3.116873 0.000000 0.000000 0.000000 1.000000
-0.100435 0.079906 -0.991730 1.276325 -0.057664 0.994627 0.085979 95.058464 0.993271 0.065822 -0.095288 -2.232711 0.000000 0.000000 0.000000 1.000000
-0.224633 0.068245 -0.972051 0.721927 -0.059554 0.994718 0.083599 95.306129 0.972622 0.076669 -0.219382 -1.358022 0.000000 0.000000 0.000000 1.000000
-0.338180 0.053858 -0.939539 0.219260 -0.057605 0.995304 0.077789 95.509659 0.939317 0.080428 -0.333490 -0.464791 0.000000 0.000000 0.000000 1.000000
-0.441530 0.034606 -0.896579 -0.050891 -0.054287 0.996395 0.065193 95.561287 0.895603 0.077457 -0.438059 0.498044 0.000000 0.000000 0.000000 1.000000</float_array><technique_common><accessor source="#swat_Hips-Matrix-animation-output-transform-array" count="29" stride="16"><param type="float4x4"/></accessor></technique_common></source><source id="swat_Hips-Interpolations"><Name_array id="swat_Hips-Interpolations-array" count="29">
 LINEAR LINEAR LINEAR LINEAR LINEAR LINEAR LINEAR LINEAR LINEAR LINEAR LINEAR
LINEAR LINEAR LINEAR LINEAR LINEAR LINEAR LINEAR LINEAR LINEAR LINEAR LINEAR LINEAR
LINEAR LINEAR LINEAR LINEAR LINEAR LINEAR</Name_array><technique_common><accessor source="#swat_Hips-Interpolations-array" count="29"><param type="name"/></accessor></technique_common></source><sampler id="swat_Hips-Matrix-animation-transform"><input semantic="INPUT" source="#swat_Hips-Matrix-animation-input"/><input semantic="OUTPUT" source="#swat_Hips-Matrix-animation-output-transform"/><input semantic="INTERPOLATION" source="#swat_Hips-Interpolations"/></sampler><channel source="#swat_Hips-Matrix-animation-transform" target="swat_Hips/matrix"/></animation>
    <animation id="swat_Spine-anim" name="swat_Spine"><source id="swat_Spine-Matrix-animation-input"><float_array id="swat_Spine-Matrix-animation-input-array" count="29">

0.000000 0.033333 0.066667 0.100000 0.133333 0.166667 0.200000 0.233333 0.266667 0.300000 0.333333 0.366667 0.400000 0.433333 0.466667 0.500000
0.533333 0.566667 0.600000 0.633333 0.666667 0.700000 0.733333 0.766667 0.800000 0.833333 0.866667 0.900000 0.933333</float_array><technique_common><accessor source="#swat_Spine-Matrix-animation-input-array" count="29"><param name="TIME" type="float"/></accessor></technique_common></source><source id="swat_Spine-Matrix-animation-output-transform"><float_array id="swat_Spine-Matrix-animation-output-transform-array" count="464">

0.998743 -0.042396 0.026756 0.000000 0.043882 0.997373 -0.057631 9.226300 -0.024243 0.058732 0.997979 1.577100 0.000000 0.000000 0.000000 1.000000
0.999010 -0.038175 0.022829 -0.000000 0.039479 0.997435 -0.059714 9.226300 -0.020491 0.060556 0.997954 1.577100 0.000000 0.000000 0.000000 1.000000
0.999261 -0.033032 0.019661 -0.000000 0.034194 0.997490 -0.062005 9.226300 -0.017563 0.062631 0.997882 1.577100 0.000000 0.000000 0.000000 1.000000
0.999307 -0.033230 0.016741 0.000000 0.034241 0.997348 -0.064224 9.226300 -0.014562 0.064753 0.997795 1.577100 0.000000 0.000000 0.000000 1.000000
0.999089 -0.040387 0.013767 0.000000 0.041210 0.996972 -0.065940 9.226300 -0.011062 0.066447 0.997729 1.577100 0.000000 0.000000 0.000000 1.000000
0.998704 -0.049827 0.010348 -0.000000 0.050406 0.996518 -0.066423 9.226300 -0.007002 0.066859 0.997738 1.577100 0.000000 0.000000 0.000000 1.000000
0.998496 -0.054515 0.005891 -0.000000 0.054784 0.996370 -0.065162 9.226300 -0.002317 0.065387 0.997857 1.577100 0.000000 0.000000 0.000000 1.000000
0.998494 -0.054826 0.001843 0.000000 0.054835 0.996552 -0.062275 9.226300 0.001578 0.062283 0.998057 1.577100 0.000000 0.000000 0.000000 1.000000
0.998544 -0.053935 0.000305 -0.000000 0.053860 0.996819 -0.058744 9.226300 0.002864 0.058675 0.998273 1.577100 0.000000 0.000000 0.000000 1.000000
0.998596 -0.052962 -0.000670 -0.000000 0.052842 0.997037 -0.055905 9.226300 0.003629 0.055791 0.998436 1.577100 0.000000 0.000000 0.000000 1.000000
0.998544 -0.053798 -0.003847 -0.000000 0.053515 0.997125 -0.053650 9.226300 0.006723 0.053366 0.998552 1.577100 0.000000 0.000000 0.000000 1.000000
0.998439 -0.055098 -0.009102 0.000000 0.054567 0.997218 -0.050782 9.226300 0.011874 0.050206 0.998668 1.577100 0.000000 0.000000 0.000000 1.000000
0.998437 -0.054394 -0.012850 0.000000 0.053720 0.997400 -0.048028 9.226300 0.015429 0.047262 0.998763 1.577100 0.000000 0.000000 0.000000 1.000000
0.998304 -0.057047 -0.011569 0.000000 0.056444 0.997294 -0.047097 9.226300 0.014225 0.046364 0.998823 1.577100 0.000000 0.000000 0.000000 1.000000
0.998299 -0.057937 -0.006523 0.000000 0.057555 0.997166 -0.048442 9.226300 0.009312 0.047984 0.998805 1.577100 0.000000 0.000000 0.000000 1.000000
0.998532 -0.054168 -0.000258 0.000000 0.054085 0.997242 -0.050820 9.226300 0.003010 0.050731 0.998708 1.577100 0.000000 0.000000 0.000000 1.000000
0.998844 -0.047638 0.006476 0.000000 0.047911 0.997496 -0.052013 9.226300 -0.003982 0.052263 0.998625 1.577100 0.000000 0.000000 0.000000 1.000000
0.998856 -0.046431 0.011448 0.000000 0.046978 0.997469 -0.053366 9.226300 -0.008941 0.053843 0.998509 1.577100 0.000000 0.000000 0.000000 1.000000
0.998698 -0.049204 0.013443 -0.000000 0.049888 0.997161 -0.056410 9.226300 -0.010629 0.057008 0.998317 1.577100 0.000000 0.000000 0.000000 1.000000
0.998588 -0.050670 0.015928 0.000000 0.051529 0.996916 -0.059185 9.226300 -0.012880 0.059922 0.998120 1.577100 0.000000 0.000000 0.000000 1.000000
0.998356 -0.052963 0.021912 0.000000 0.054216 0.996651 -0.061216 9.226300 -0.018596 0.062303 0.997884 1.577100 0.000000 0.000000 0.000000 1.000000
0.997832 -0.058656 0.029850 0.000000 0.060452 0.996161 -0.063316 9.226300 -0.026022 0.064984 0.997547 1.577100 0.000000 0.000000 0.000000 1.000000
0.996999 -0.067883 0.037211 0.000000 0.070189 0.995437 -0.064643 9.226300 -0.032653 0.067061 0.997214 1.577100 0.000000 0.000000 0.000000 1.000000
0.995730 -0.080871 0.044505 -0.000000 0.083618 0.994455 -0.063777 9.226300 -0.039100 0.067226 0.996971 1.577100 0.000000 0.000000 0.000000 1.000000
0.994949 -0.085840 0.052030 0.000000 0.088993 0.994122 -0.061652 9.226300 -0.046432 0.065971 0.996741 1.577100 0.000000 0.000000 0.000000 1.000000
0.995249 -0.079620 0.056038 0.000000 0.082996 0.994697 -0.060740 9.226300 -0.050905 0.065102 0.996579 1.577100 0.000000 0.000000 0.000000 1.000000
0.996337 -0.068076 0.051751 0.000000 0.071193 0.995596 -0.060999 9.226300 -0.047371 0.064460 0.996795 1.577100 0.000000 0.000000 0.000000 1.000000
0.997674 -0.055349 0.039792 0.000000 0.057690 0.996511 -0.060314 9.226300 -0.036315 0.062470 0.997386 1.577100 0.000000 0.000000 0.000000 1.000000
0.998740 -0.042446 0.026762 0.000000 0.043932 0.997371 -0.057629 9.226300 -0.024246 0.058732 0.997979 1.577100 0.000000 0.000000 0.000000 1.000000</float_array><technique_common><accessor source="#swat_Spine-Matrix-animation-output-transform-array" count="29" stride="16"><param type="float4x4"/></accessor></technique_common></source><source id="swat_Spine-Interpolations"><Name_array id="swat_Spine-Interpolations-array" count="29">
 LINEAR LINEAR LINEAR LINEAR LINEAR LINEAR LINEAR LINEAR LINEAR LINEAR LINEAR
LINEAR LINEAR LINEAR LINEAR LINEAR LINEAR LINEAR LINEAR LINEAR LINEAR LINEAR LINEAR
LINEAR LINEAR LINEAR LINEAR LINEAR LINEAR</Name_array><technique_common><accessor source="#swat_Spine-Interpolations-array" count="29"><param type="name"/></accessor></technique_common></source><sampler id="swat_Spine-Matrix-animation-transform"><input semantic="INPUT" source="#swat_Spine-Matrix-animation-input"/><input semantic="OUTPUT" source="#swat_Spine-Matrix-animation-output-transform"/><input semantic="INTERPOLATION" source="#swat_Spine-Interpolations"/></sampler><channel source="#swat_Spine-Matrix-animation-transform" target="swat_Spine/matrix"/></animation>
    <animation id="swat_Spine1-anim" name="swat_Spine1"><source id="swat_Spine1-Matrix-animation-input"><float_array id="swat_Spine1-Matrix-animation-input-array" count="29">

0.000000 0.033333 0.066667 0.100000 0.133333 0.166667 0.200000 0.233333 0.266667 0.300000 0.333333 0.366667 0.400000 0.433333 0.466667 0.500000
0.533333 0.566667 0.600000 0.633333 0.666667 0.700000 0.733333 0.766667 0.800000 0.833333 0.866667 0.900000 0.933333</float_array><technique_common><accessor source="#swat_Spine1-Matrix-animation-input-array" count="29"><param name="TIME" type="float"/></accessor></technique_common></source><source id="swat_Spine1-Matrix-animation-output-transform"><float_array id="swat_Spine1-Matrix-animation-output-transform-array" count="464">

0.999615 -0.027098 0.005925 0.000000 0.027212 0.999428 -0.020103 16.254000 -0.005376 0.020256 0.999780 -0.165600 0.000000 0.000000 0.000000 1.000000
0.999629 -0.027053 0.003229 0.000000 0.027117 0.999395 -0.021785 16.254000 -0.002638 0.021864 0.999757 -0.165600 0.000000 0.000000 0.000000 1.000000
0.999686 -0.025014 0.001198 0.000000 0.025035 0.999410 -0.023528 16.254000 -0.000609 0.023550 0.999722 -0.165600 0.000000 0.000000 0.000000 1.000000
0.999770 -0.021411 -0.001267 0.000000 0.021372 0.999449 -0.025398 16.254000 0.001810 0.025365 0.999677 -0.165600 0.000000 0.000000 0.000000 1.000000
0.999839 -0.017302 -0.004688 0.000000 0.017168 0.999483 -0.027178 16.254000 0.005156 0.027093 0.999620 -0.165600 0.000000 0.000000 0.000000 1.000000
0.999880 -0.012794 -0.008717 -0.000000 0.012546 0.999531 -0.027934 16.254000 0.009071 0.027821 0.999572 -0.165600 0.000000 0.000000 0.000000 1.000000
0.999888 -0.007303 -0.013054 -0.000000 0.006949 0.999613 -0.026953 16.254000 0.013246 0.026860 0.999551 -0.165600 0.000000 0.000000 0.000000 1.000000
0.999859 -0.000710 -0.016765 0.000000 0.000300 0.999701 -0.024438 16.254000 0.016777 0.024430 0.999561 -0.165600 0.000000 0.000000 0.000000 1.000000
0.999807 0.006412 -0.018546 0.000000 -0.006808 0.999749 -0.021351 16.254000 0.018405 0.021473 0.999600 -0.165600 0.000000 0.000000 0.000000 1.000000
0.999711 0.013359 -0.019990 0.000000 -0.013734 0.999730 -0.018731 16.254000 0.019734 0.019000 0.999625 -0.165600 0.000000 0.000000 0.000000 1.000000
0.999525 0.020253 -0.023250 0.000000 -0.020639 0.999651 -0.016488 16.254000 0.022908 0.016960 0.999594 -0.165600 0.000000 0.000000 0.000000 1.000000
0.999237 0.027249 -0.027973 -0.000000 -0.027640 0.999524 -0.013709 16.254000 0.027586 0.014472 0.999515 -0.165600 0.000000 0.000000 0.000000 1.000000
0.998976 0.032506 -0.031479 0.000000 -0.032869 0.999398 -0.011078 16.254000 0.031099 0.012101 0.999443 -0.165600 0.000000 0.000000 0.000000 1.000000
0.998888 0.035583 -0.030936 0.000000 -0.035912 0.999303 -0.010145 16.254000 0.030553 0.011245 0.999470 -0.165600 0.000000 0.000000 0.000000 1.000000
0.998842 0.039587 -0.027348 0.000000 -0.039907 0.999140 -0.011283 16.254000 0.026878 0.012362 0.999562 -0.165600 0.000000 0.000000 0.000000 1.000000
0.998736 0.044857 -0.022697 0.000000 -0.045170 0.998889 -0.013447 16.254000 0.022069 0.014456 0.999652 -0.165600 0.000000 0.000000 0.000000 1.000000
0.998648 0.048969 -0.017431 0.000000 -0.049227 0.998679 -0.014710 16.254000 0.016688 0.015548 0.999740 -0.165600 0.000000 0.000000 0.000000 1.000000
0.998703 0.049139 -0.013320 0.000000 -0.049350 0.998653 -0.015994 16.254000 0.012516 0.016630 0.999783 -0.165600 0.000000 0.000000 0.000000 1.000000
0.998851 0.046493 -0.011587 0.000000 -0.046703 0.998738 -0.018483 16.254000 0.010713 0.019003 0.999762 -0.165600 0.000000 0.000000 0.000000 1.000000
0.999034 0.042946 -0.009363 0.000000 -0.043133 0.998852 -0.020820 16.254000 0.008459 0.021204 0.999739 -0.165600 0.000000 0.000000 0.000000 1.000000
0.999298 0.037225 -0.004310 0.000000 -0.037313 0.999046 -0.022710 16.254000 0.003461 0.022855 0.999733 -0.165600 0.000000 0.000000 0.000000 1.000000
0.999601 0.028150 0.002146 -0.000000 -0.028088 0.999300 -0.024697 16.254000 -0.002840 0.024627 0.999693 -0.165600 0.000000 0.000000 0.000000 1.000000
0.999819 0.017306 0.007900 0.000000 -0.017095 0.999515 -0.026027 16.254000 -0.008347 0.025887 0.999630 -0.165600 0.000000 0.000000 0.000000 1.000000
0.999895 0.005575 0.013357 0.000000 -0.005230 0.999656 -0.025699 16.254000 -0.013496 0.025627 0.999580 -0.165600 0.000000 0.000000 0.000000 1.000000
0.999787 -0.005612 0.019841 0.000000 0.006095 0.999685 -0.024363 16.254000 -0.019698 0.024478 0.999506 -0.165600 0.000000 0.000000 0.000000 1.000000
0.999568 -0.015900 0.024717 0.000000 0.016486 0.999583 -0.023713 16.254000 -0.024330 0.024110 0.999413 -0.165600 0.000000 0.000000 0.000000 1.000000
0.999429 -0.024479 0.023272 0.000000 0.025028 0.999407 -0.023636 16.254000 -0.022679 0.024205 0.999450 -0.165600 0.000000 0.000000 0.000000 1.000000
0.999483 -0.028325 0.015189 -0.000000 0.028665 0.999333 -0.022645 16.254000 -0.014537 0.023068 0.999628 -0.165600 0.000000 0.000000 0.000000 1.000000
0.999615 -0.027098 0.005925 -0.000000 0.027212 0.999428 -0.020103 16.254000 -0.005377 0.020256 0.999780 -0.165600 0.000000 0.000000 0.000000 1.000000</float_array><technique_common><accessor source="#swat_Spine1-Matrix-animation-output-transform-array" count="29" stride="16"><param type="float4x4"/></accessor></technique_common></source><source id="swat_Spine1-Interpolations"><Name_array id="swat_Spine1-Interpolations-array" count="29">
 LINEAR LINEAR LINEAR LINEAR LINEAR LINEAR LINEAR LINEAR LINEAR LINEAR LINEAR
LINEAR LINEAR LINEAR LINEAR LINEAR LINEAR LINEAR LINEAR LINEAR LINEAR LINEAR LINEAR
LINEAR LINEAR LINEAR LINEAR LINEAR LINEAR</Name_array><technique_common><accessor source="#swat_Spine1-Interpolations-array" count="29"><param type="name"/></accessor></technique_common></source><sampler id="swat_Spine1-Matrix-animation-transform"><input semantic="INPUT" source="#swat_Spine1-Matrix-animation-input"/><input semantic="OUTPUT" source="#swat_Spine1-Matrix-animation-output-transform"/><input semantic="INTERPOLATION" source="#swat_Spine1-Interpolations"/></sampler><channel source="#swat_Spine1-Matrix-animation-transform" target="swat_Spine1/matrix"/></animation>
    <animation id="swat_Spine2-anim" name="swat_Spine2"><source id="swat_Spine2-Matrix-animation-input"><float_array id="swat_Spine2-Matrix-animation-input-array" count="29">

0.000000 0.033333 0.066667 0.100000 0.133333 0.166667 0.200000 0.233333 0.266667 0.300000 0.333333 0.366667 0.400000 0.433333 0.466667 0.500000
0.533333 0.566667 0.600000 0.633333 0.666667 0.700000 0.733333 0.766667 0.800000 0.833333 0.866667 0.900000 0.933333</float_array><technique_common><accessor source="#swat_Spine2-Matrix-animation-input-array" count="29"><param name="TIME" type="float"/></accessor></technique_common></source><source id="swat_Spine2-Matrix-animation-output-transform"><float_array id="swat_Spine2-Matrix-animation-output-transform-array" count="464">

0.999611 -0.027151 0.006310 -0.000000 0.027271 0.999435 -0.019651 13.639600 -0.005773 0.019815 0.999787 -1.292300 0.000000 0.000000 0.000000 1.000000
0.999606 -0.027822 0.003582 0.000000 0.027892 0.999385 -0.021264 13.639600 -0.002988 0.021356 0.999767 -1.292300 0.000000 0.000000 0.000000 1.000000
0.999609 -0.027914 0.001661 0.000000 0.027945 0.999346 -0.022938 13.639600 -0.001020 0.022976 0.999736 -1.292300 0.000000 0.000000 0.000000 1.000000
0.999618 -0.027619 -0.000525 0.000000 0.027597 0.999313 -0.024749 13.639600 0.001208 0.024725 0.999694 -1.292300 0.000000 0.000000 0.000000 1.000000
0.999608 -0.027774 -0.003507 0.000000 0.027672 0.999266 -0.026488 13.639600 0.004241 0.026381 0.999643 -1.292300 0.000000 0.000000 0.000000 1.000000
0.999574 -0.028328 -0.006985 0.000000 0.028128 0.999234 -0.027215 13.639600 0.007751 0.027007 0.999605 -1.292300 0.000000 0.000000 0.000000 1.000000
0.999535 -0.028547 -0.010709 -0.000000 0.028258 0.999257 -0.026200 13.639600 0.011449 0.025885 0.999599 -1.292300 0.000000 0.000000 0.000000 1.000000
0.999509 -0.028139 -0.013759 0.000000 0.027809 0.999333 -0.023656 13.639600 0.014416 0.023262 0.999625 -1.292300 0.000000 0.000000 0.000000 1.000000
0.999511 -0.027505 -0.014860 -0.000000 0.027197 0.999419 -0.020554 13.639600 0.015416 0.020140 0.999678 -1.292300 0.000000 0.000000 0.000000 1.000000
0.999510 -0.027127 -0.015631 0.000000 0.026846 0.999479 -0.017925 13.639600 0.016109 0.017497 0.999717 -1.292300 0.000000 0.000000 0.000000 1.000000
0.999479 -0.026643 -0.018223 -0.000000 0.026358 0.999530 -0.015675 13.639600 0.018632 0.015186 0.999711 -1.292300 0.000000 0.000000 0.000000 1.000000
0.999421 -0.025710 -0.022300 -0.000000 0.025427 0.999594 -0.012890 13.639600 0.022622 0.012316 0.999668 -1.292300 0.000000 0.000000 0.000000 1.000000
0.999342 -0.026038 -0.025257 -0.000000 0.025786 0.999615 -0.010245 13.639600 0.025514 0.009587 0.999628 -1.292300 0.000000 0.000000 0.000000 1.000000
0.999315 -0.027916 -0.024277 0.000000 0.027698 0.999573 -0.009297 13.639600 0.024526 0.008618 0.999662 -1.292300 0.000000 0.000000 0.000000 1.000000
0.999400 -0.028020 -0.020352 0.000000 0.027813 0.999559 -0.010410 13.639600 0.020635 0.009837 0.999739 -1.292300 0.000000 0.000000 0.000000 1.000000
0.999548 -0.025791 -0.015449 0.000000 0.025598 0.999593 -0.012578 13.639600 0.015767 0.012177 0.999802 -1.292300 0.000000 0.000000 0.000000 1.000000
0.999675 -0.023461 -0.009956 -0.000000 0.023321 0.999631 -0.013900 13.639600 0.010279 0.013663 0.999854 -1.292300 0.000000 0.000000 0.000000 1.000000
0.999705 -0.023594 -0.005691 0.000000 0.023505 0.999608 -0.015216 13.639600 0.006048 0.015078 0.999868 -1.292300 0.000000 0.000000 0.000000 1.000000
0.999687 -0.024673 -0.004022 0.000000 0.024599 0.999541 -0.017694 13.639600 0.004456 0.017590 0.999835 -1.292300 0.000000 0.000000 0.000000 1.000000
0.999714 -0.023813 -0.002153 -0.000000 0.023765 0.999517 -0.020024 13.639600 0.002629 0.019967 0.999797 -1.292300 0.000000 0.000000 0.000000 1.000000
0.999738 -0.022765 0.002341 0.000000 0.022811 0.999500 -0.021900 13.639600 -0.001841 0.021948 0.999757 -1.292300 0.000000 0.000000 0.000000 1.000000
0.999695 -0.023358 0.008067 0.000000 0.023544 0.999438 -0.023854 13.639600 -0.007505 0.024036 0.999683 -1.292300 0.000000 0.000000 0.000000 1.000000
0.999612 -0.024635 0.013001 -0.000000 0.024956 0.999372 -0.025143 13.639600 -0.012374 0.025458 0.999599 -1.292300 0.000000 0.000000 0.000000 1.000000
0.999496 -0.026399 0.017631 -0.000000 0.026832 0.999333 -0.024760 13.639600 -0.016965 0.025221 0.999538 -1.292300 0.000000 0.000000 0.000000 1.000000
0.999340 -0.027971 0.023192 0.000000 0.028514 0.999319 -0.023404 13.639600 -0.022521 0.024050 0.999457 -1.292300 0.000000 0.000000 0.000000 1.000000
0.999194 -0.029663 0.027057 -0.000000 0.030284 0.999280 -0.022845 13.639600 -0.026360 0.023646 0.999373 -1.292300 0.000000 0.000000 0.000000 1.000000
0.999208 -0.031227 0.024682 -0.000000 0.031794 0.999231 -0.022940 13.639600 -0.023947 0.023707 0.999432 -1.292300 0.000000 0.000000 0.000000 1.000000
0.999416 -0.030245 0.015930 -0.000000 0.030594 0.999287 -0.022105 13.639600 -0.015250 0.022579 0.999629 -1.292300 0.000000 0.000000 0.000000 1.000000
0.999611 -0.027151 0.006310 0.000000 0.027271 0.999435 -0.019651 13.639600 -0.005773 0.019815 0.999787 -1.292300 0.000000 0.000000 0.000000 1.000000</float_array><technique_common><accessor source="#swat_Spine2-Matrix-animation-output-transform-array" count="29" stride="16"><param type="float4x4"/></accessor></technique_common></source><source id="swat_Spine2-Interpolations"><Name_array id="swat_Spine2-Interpolations-array" count="29">
 LINEAR LINEAR LINEAR LINEAR LINEAR LINEAR LINEAR LINEAR LINEAR LINEAR LINEAR
LINEAR LINEAR LINEAR LINEAR LINEAR LINEAR LINEAR LINEAR LINEAR LINEAR LINEAR LINEAR
LINEAR LINEAR LINEAR LINEAR LINEAR LINEAR</Name_array><technique_common><accessor source="#swat_Spine2-Interpolations-array" count="29"><param type="name"/></accessor></technique_common></source><sampler id="swat_Spine2-Matrix-animation-transform"><input semantic="INPUT" source="#swat_Spine2-Matrix-animation-input"/><input semantic="OUTPUT" source="#swat_Spine2-Matrix-animation-output-transform"/><input semantic="INTERPOLATION" source="#swat_Spine2-Interpolations"/></sampler><channel source="#swat_Spine2-Matrix-animation-transform" target="swat_Spine2/matrix"/></animation>
    <animation id="swat_Neck-anim" name="swat_Neck"><source id="swat_Neck-Matrix-animation-input"><float_array id="swat_Neck-Matrix-animation-input-array" count="29">

0.000000 0.033333 0.066667 0.100000 0.133333 0.166667 0.200000 0.233333 0.266667 0.300000 0.333333 0.366667 0.400000 0.433333 0.466667 0.500000
0.533333 0.566667 0.600000 0.633333 0.666667 0.700000 0.733333 0.766667 0.800000 0.833333 0.866667 0.900000 0.933333</float_array><technique_common><accessor source="#swat_Neck-Matrix-animation-input-array" count="29"><param name="TIME" type="float"/></accessor></technique_common></source><source id="swat_Neck-Matrix-animation-output-transform"><float_array id="swat_Neck-Matrix-animation-output-transform-array" count="464">

0.999991 -0.004107 -0.000890 0.000000 0.004058 0.998788 -0.049057 13.877400 0.001090 0.049053 0.998796 -4.354200 0.000000 0.000000 0.000000 1.000000
0.999955 -0.006993 -0.006487 0.000000 0.006674 0.998822 -0.048073 13.877400 0.006816 0.048028 0.998823 -4.354200 0.000000 0.000000 0.000000 1.000000
0.999777 -0.011951 -0.017408 0.000000 0.011073 0.998702 -0.049713 13.877400 0.017979 0.049509 0.998612 -4.354200 0.000000 0.000000 0.000000 1.000000
0.999352 -0.017668 -0.031344 0.000000 0.015962 0.998420 -0.053880 13.877400 0.032246 0.053345 0.998055 -4.354200 0.000000 0.000000 0.000000 1.000000
0.998660 -0.023092 -0.046321 0.000000 0.020324 0.998030 -0.059348 13.877400 0.047600 0.058327 0.997162 -4.354200 0.000000 0.000000 0.000000 1.000000
0.997818 -0.027090 -0.060207 0.000000 0.023179 0.997634 -0.064720 13.877400 0.061817 0.063183 0.996086 -4.354200 0.000000 0.000000 0.000000 1.000000
0.997062 -0.029424 -0.070722 0.000000 0.024535 0.997313 -0.069027 13.877400 0.072563 0.067089 0.995105 -4.354200 0.000000 0.000000 0.000000 1.000000
0.996634 -0.030312 -0.076163 -0.000000 0.024866 0.997134 -0.071456 13.877400 0.078111 0.069321 0.994532 -4.354200 0.000000 0.000000 0.000000 1.000000
0.996389 -0.030749 -0.079147 0.000000 0.025006 0.997051 -0.072553 13.877400 0.081144 0.070311 0.994219 -4.354200 0.000000 0.000000 0.000000 1.000000
0.996305 -0.031065 -0.080069 0.000000 0.025238 0.997029 -0.072779 13.877400 0.082092 0.070489 0.994129 -4.354200 0.000000 0.000000 0.000000 1.000000
0.996377 -0.031110 -0.079156 0.000000 0.025337 0.997016 -0.072914 13.877400 0.081188 0.070644 0.994192 -4.354200 0.000000 0.000000 0.000000 1.000000
0.996546 -0.030834 -0.077103 0.000000 0.025167 0.996984 -0.073409 13.877400 0.079134 0.071215 0.994317 -4.354200 0.000000 0.000000 0.000000 1.000000
0.996756 -0.030484 -0.074483 0.000000 0.024989 0.996973 -0.073628 13.877400 0.076502 0.071528 0.994500 -4.354200 0.000000 0.000000 0.000000 1.000000
0.997016 -0.029522 -0.071323 0.000000 0.024329 0.997064 -0.072601 13.877400 0.073257 0.070649 0.994808 -4.354200 0.000000 0.000000 0.000000 1.000000
0.997362 -0.026874 -0.067424 -0.000000 0.022100 0.997262 -0.070573 13.877400 0.069136 0.068897 0.995225 -4.354200 0.000000 0.000000 0.000000 1.000000
0.997758 -0.023614 -0.062615 0.000000 0.019294 0.997449 -0.068722 13.877400 0.064078 0.067360 0.995669 -4.354200 0.000000 0.000000 0.000000 1.000000
0.998151 -0.021563 -0.056822 0.000000 0.017706 0.997560 -0.067528 13.877400 0.058140 0.066397 0.996098 -4.354200 0.000000 0.000000 0.000000 1.000000
0.998535 -0.019877 -0.050334 0.000000 0.016536 0.997687 -0.065937 13.877400 0.051529 0.065008 0.996553 -4.354200 0.000000 0.000000 0.000000 1.000000
0.998901 -0.017113 -0.043645 0.000000 0.014328 0.997889 -0.063336 13.877400 0.044637 0.062641 0.997037 -4.354200 0.000000 0.000000 0.000000 1.000000
0.999226 -0.013331 -0.036996 0.000000 0.011088 0.998126 -0.060182 13.877400 0.037729 0.059725 0.997502 -4.354200 0.000000 0.000000 0.000000 1.000000
0.999489 -0.009515 -0.030530 0.000000 0.007770 0.998357 -0.056778 13.877400 0.031020 0.056512 0.997920 -4.354200 0.000000 0.000000 0.000000 1.000000
0.999683 -0.006005 -0.024430 0.000000 0.004692 0.998559 -0.053467 13.877400 0.024716 0.053336 0.998271 -4.354200 0.000000 0.000000 0.000000 1.000000
0.999818 -0.002996 -0.018838 0.000000 0.002030 0.998692 -0.051081 13.877400 0.018966 0.051034 0.998517 -4.354200 0.000000 0.000000 0.000000 1.000000
0.999904 -0.000850 -0.013850 -0.000000 0.000159 0.998757 -0.049840 13.877400 0.013875 0.049833 0.998661 -4.354200 0.000000 0.000000 0.000000 1.000000
0.999954 0.000449 -0.009565 0.000000 -0.000919 0.998789 -0.049199 13.877400 0.009531 0.049206 0.998743 -4.354200 0.000000 0.000000 0.000000 1.000000
0.999981 0.000623 -0.006132 0.000000 -0.000924 0.998790 -0.049164 13.877400 0.006093 0.049168 0.998772 -4.354200 0.000000 0.000000 0.000000 1.000000
0.999993 -0.000524 -0.003701 0.000000 0.000339 0.998758 -0.049820 13.877400 0.003722 0.049818 0.998751 -4.354200 0.000000 0.000000 0.000000 1.000000
0.999996 -0.002314 -0.001810 0.000000 0.002221 0.998739 -0.050145 13.877400 0.001924 0.050141 0.998740 -4.354200 0.000000 0.000000 0.000000 1.000000
0.999991 -0.004107 -0.000890 0.000000 0.004058 0.998788 -0.049057 13.877400 0.001090 0.049053 0.998796 -4.354200 0.000000 0.000000 0.000000 1.000000</float_array><technique_common><accessor source="#swat_Neck-Matrix-animation-output-transform-array" count="29" stride="16"><param type="float4x4"/></accessor></technique_common></source><source id="swat_Neck-Interpolations"><Name_array id="swat_Neck-Interpolations-array" count="29">
 LINEAR LINEAR LINEAR LINEAR LINEAR LINEAR LINEAR LINEAR LINEAR LINEAR LINEAR
LINEAR LINEAR LINEAR LINEAR LINEAR LINEAR LINEAR LINEAR LINEAR LINEAR LINEAR LINEAR
LINEAR LINEAR LINEAR LINEAR LINEAR LINEAR</Name_array><technique_common><accessor source="#swat_Neck-Interpolations-array" count="29"><param type="name"/></accessor></technique_common></source><sampler id="swat_Neck-Matrix-animation-transform"><input semantic="INPUT" source="#swat_Neck-Matrix-animation-input"/><input semantic="OUTPUT" source="#swat_Neck-Matrix-animation-output-transform"/><input semantic="INTERPOLATION" source="#swat_Neck-Interpolations"/></sampler><channel source="#swat_Neck-Matrix-animation-transform" target="swat_Neck/matrix"/></animation>
    <animation id="swat_Neck1-anim" name="swat_Neck1"><source id="swat_Neck1-Matrix-animation-input"><float_array id="swat_Neck1-Matrix-animation-input-array" count="29">

0.000000 0.033333 0.066667 0.100000 0.133333 0.166667 0.200000 0.233333 0.266667 0.300000 0.333333 0.366667 0.400000 0.433333 0.466667 0.500000
0.533333 0.566667 0.600000 0.633333 0.666667 0.700000 0.733333 0.766667 0.800000 0.833333 0.866667 0.900000 0.933333</float_array><technique_common><accessor source="#swat_Neck1-Matrix-animation-input-array" count="29"><param name="TIME" type="float"/></accessor></technique_common></source><source id="swat_Neck1-Matrix-animation-output-transform"><float_array id="swat_Neck1-Matrix-animation-output-transform-array" count="464">

0.999991 -0.004107 -0.000890 -0.000000 0.004058 0.998788 -0.049059 4.340000 0.001090 0.049055 0.998795 0.926900 0.000000 0.000000 0.000000 1.000000
0.999955 -0.006993 -0.006487 0.000000 0.006674 0.998822 -0.048073 4.340000 0.006816 0.048027 0.998823 0.926900 0.000000 0.000000 0.000000 1.000000
0.999777 -0.011951 -0.017408 0.000000 0.011073 0.998702 -0.049713 4.340000 0.017979 0.049510 0.998612 0.926900 0.000000 0.000000 0.000000 1.000000
0.999352 -0.017668 -0.031344 0.000000 0.015962 0.998420 -0.053882 4.340000 0.032246 0.053347 0.998055 0.926900 0.000000 0.000000 0.000000 1.000000
0.998660 -0.023092 -0.046321 0.000000 0.020325 0.998030 -0.059350 4.340000 0.047600 0.058329 0.997162 0.926900 0.000000 0.000000 0.000000 1.000000
0.997818 -0.027090 -0.060207 0.000000 0.023180 0.997634 -0.064719 4.340000 0.061817 0.063183 0.996086 0.926900 0.000000 0.000000 0.000000 1.000000
0.997062 -0.029423 -0.070722 -0.000000 0.024535 0.997313 -0.069027 4.340000 0.072563 0.067089 0.995105 0.926900 0.000000 0.000000 0.000000 1.000000
0.996634 -0.030312 -0.076164 0.000000 0.024867 0.997134 -0.071456 4.340000 0.078111 0.069321 0.994532 0.926900 0.000000 0.000000 0.000000 1.000000
0.996389 -0.030749 -0.079147 -0.000000 0.025006 0.997051 -0.072553 4.340000 0.081145 0.070312 0.994219 0.926900 0.000000 0.000000 0.000000 1.000000
0.996305 -0.031065 -0.080070 0.000000 0.025238 0.997029 -0.072779 4.340000 0.082093 0.070489 0.994129 0.926900 0.000000 0.000000 0.000000 1.000000
0.996377 -0.031110 -0.079156 -0.000000 0.025337 0.997016 -0.072914 4.340000 0.081188 0.070644 0.994192 0.926900 0.000000 0.000000 0.000000 1.000000
0.996546 -0.030834 -0.077103 -0.000000 0.025167 0.996984 -0.073410 4.340000 0.079134 0.071216 0.994317 0.926900 0.000000 0.000000 0.000000 1.000000
0.996756 -0.030484 -0.074482 0.000000 0.024989 0.996973 -0.073629 4.340000 0.076501 0.071529 0.994500 0.926900 0.000000 0.000000 0.000000 1.000000
0.997016 -0.029522 -0.071323 0.000000 0.024330 0.997064 -0.072601 4.340000 0.073257 0.070649 0.994808 0.926900 0.000000 0.000000 0.000000 1.000000
0.997362 -0.026874 -0.067425 0.000000 0.022100 0.997262 -0.070573 4.340000 0.069137 0.068897 0.995225 0.926900 0.000000 0.000000 0.000000 1.000000
0.997758 -0.023614 -0.062616 0.000000 0.019294 0.997449 -0.068722 4.340000 0.064079 0.067360 0.995669 0.926900 0.000000 0.000000 0.000000 1.000000
0.998151 -0.021563 -0.056822 0.000000 0.017706 0.997560 -0.067528 4.340000 0.058140 0.066397 0.996098 0.926900 0.000000 0.000000 0.000000 1.000000
0.998535 -0.019877 -0.050334 0.000000 0.016536 0.997687 -0.065938 4.340000 0.051528 0.065009 0.996553 0.926900 0.000000 0.000000 0.000000 1.000000
0.998901 -0.017112 -0.043646 0.000000 0.014328 0.997889 -0.063337 4.340000 0.044637 0.062642 0.997037 0.926900 0.000000 0.000000 0.000000 1.000000
0.999226 -0.013331 -0.036996 0.000000 0.011088 0.998126 -0.060181 4.340000 0.037729 0.059725 0.997502 0.926900 0.000000 0.000000 0.000000 1.000000
0.999489 -0.009515 -0.030530 0.000000 0.007770 0.998357 -0.056778 4.340000 0.031020 0.056512 0.997920 0.926900 0.000000 0.000000 0.000000 1.000000
0.999683 -0.006005 -0.024430 -0.000000 0.004692 0.998559 -0.053468 4.340000 0.024716 0.053336 0.998271 0.926900 0.000000 0.000000 0.000000 1.000000
0.999818 -0.002996 -0.018837 0.000000 0.002031 0.998692 -0.051083 4.340000 0.018966 0.051035 0.998517 0.926900 0.000000 0.000000 0.000000 1.000000
0.999904 -0.000850 -0.013850 0.000000 0.000159 0.998757 -0.049839 4.340000 0.013875 0.049832 0.998661 0.926900 0.000000 0.000000 0.000000 1.000000
0.999954 0.000449 -0.009565 -0.000000 -0.000919 0.998789 -0.049199 4.340000 0.009532 0.049206 0.998743 0.926900 0.000000 0.000000 0.000000 1.000000
0.999981 0.000623 -0.006131 -0.000000 -0.000924 0.998790 -0.049164 4.340000 0.006093 0.049169 0.998772 0.926900 0.000000 0.000000 0.000000 1.000000
0.999993 -0.000524 -0.003701 -0.000000 0.000339 0.998758 -0.049819 4.340000 0.003722 0.049818 0.998751 0.926900 0.000000 0.000000 0.000000 1.000000
0.999996 -0.002314 -0.001810 0.000000 0.002221 0.998739 -0.050147 4.340000 0.001924 0.050143 0.998740 0.926900 0.000000 0.000000 0.000000 1.000000
0.999991 -0.004106 -0.000890 0.000000 0.004058 0.998788 -0.049057 4.340000 0.001090 0.049053 0.998796 0.926900 0.000000 0.000000 0.000000 1.000000</float_array><technique_common><accessor source="#swat_Neck1-Matrix-animation-output-transform-array" count="29" stride="16"><param type="float4x4"/></accessor></technique_common></source><source id="swat_Neck1-Interpolations"><Name_array id="swat_Neck1-Interpolations-array" count="29">
 LINEAR LINEAR LINEAR LINEAR LINEAR LINEAR LINEAR LINEAR LINEAR LINEAR LINEAR
LINEAR LINEAR LINEAR LINEAR LINEAR LINEAR LINEAR LINEAR LINEAR LINEAR LINEAR LINEAR
LINEAR LINEAR LINEAR LINEAR LINEAR LINEAR</Name_array><technique_common><accessor source="#swat_Neck1-Interpolations-array" count="29"><param type="name"/></accessor></technique_common></source><sampler id="swat_Neck1-Matrix-animation-transform"><input semantic="INPUT" source="#swat_Neck1-Matrix-animation-input"/><input semantic="OUTPUT" source="#swat_Neck1-Matrix-animation-output-transform"/><input semantic="INTERPOLATION" source="#swat_Neck1-Interpolations"/></sampler><channel source="#swat_Neck1-Matrix-animation-transform" target="swat_Neck1/matrix"/></animation>
    <animation id="swat_Head-anim" name="swat_Head"><source id="swat_Head-Matrix-animation-input"><float_array id="swat_Head-Matrix-animation-input-array" count="29">

0.000000 0.033333 0.066667 0.100000 0.133333 0.166667 0.200000 0.233333 0.266667 0.300000 0.333333 0.366667 0.400000 0.433333 0.466667 0.500000
0.533333 0.566667 0.600000 0.633333 0.666667 0.700000 0.733333 0.766667 0.800000 0.833333 0.866667 0.900000 0.933333</float_array><technique_common><accessor source="#swat_Head-Matrix-animation-input-array" count="29"><param name="TIME" type="float"/></accessor></technique_common></source><source id="swat_Head-Matrix-animation-output-transform"><float_array id="swat_Head-Matrix-animation-output-transform-array" count="464">

0.999991 -0.004106 -0.000890 0.000000 0.004058 0.998788 -0.049054 4.026600 0.001090 0.049050 0.998796 0.858500 0.000000 0.000000 0.000000 1.000000
0.999955 -0.006993 -0.006487 -0.000000 0.006674 0.998822 -0.048073 4.026600 0.006816 0.048028 0.998823 0.858500 0.000000 0.000000 0.000000 1.000000
0.999777 -0.011951 -0.017408 -0.000000 0.011073 0.998702 -0.049713 4.026600 0.017979 0.049509 0.998612 0.858500 0.000000 0.000000 0.000000 1.000000
0.999352 -0.017668 -0.031344 0.000000 0.015962 0.998420 -0.053878 4.026600 0.032246 0.053343 0.998055 0.858500 0.000000 0.000000 0.000000 1.000000
0.998660 -0.023092 -0.046321 0.000000 0.020324 0.998031 -0.059346 4.026600 0.047600 0.058325 0.997162 0.858500 0.000000 0.000000 0.000000 1.000000
0.997818 -0.027089 -0.060207 0.000000 0.023179 0.997634 -0.064721 4.026600 0.061817 0.063184 0.996086 0.858500 0.000000 0.000000 0.000000 1.000000
0.997062 -0.029424 -0.070721 -0.000000 0.024535 0.997313 -0.069026 4.026600 0.072562 0.067088 0.995105 0.858500 0.000000 0.000000 0.000000 1.000000
0.996634 -0.030312 -0.076164 0.000000 0.024866 0.997134 -0.071456 4.026600 0.078111 0.069321 0.994532 0.858500 0.000000 0.000000 0.000000 1.000000
0.996389 -0.030749 -0.079147 0.000000 0.025007 0.997051 -0.072552 4.026600 0.081145 0.070311 0.994219 0.858500 0.000000 0.000000 0.000000 1.000000
0.996305 -0.031065 -0.080070 0.000000 0.025238 0.997029 -0.072779 4.026600 0.082092 0.070489 0.994129 0.858500 0.000000 0.000000 0.000000 1.000000
0.996377 -0.031110 -0.079156 0.000000 0.025337 0.997016 -0.072914 4.026600 0.081188 0.070644 0.994192 0.858500 0.000000 0.000000 0.000000 1.000000
0.996546 -0.030834 -0.077103 0.000000 0.025167 0.996984 -0.073409 4.026600 0.079134 0.071215 0.994317 0.858500 0.000000 0.000000 0.000000 1.000000
0.996756 -0.030484 -0.074482 -0.000000 0.024989 0.996973 -0.073628 4.026600 0.076501 0.071528 0.994501 0.858500 0.000000 0.000000 0.000000 1.000000
0.997016 -0.029521 -0.071323 0.000000 0.024329 0.997064 -0.072601 4.026600 0.073257 0.070649 0.994808 0.858500 0.000000 0.000000 0.000000 1.000000
0.997362 -0.026874 -0.067424 0.000000 0.022100 0.997262 -0.070573 4.026600 0.069136 0.068897 0.995225 0.858500 0.000000 0.000000 0.000000 1.000000
