<?xml version="1.0" encoding="utf-8"?>
<COLLADA xmlns="http://www.collada.org/2005/11/COLLADASchema" version="1.4.1">
  <asset><contributor><author>Mixamo</author><authoring_tool>COLLADA Mixamo exporter</authoring_tool><comments></comments></contributor><created>2018-12-18T19:03:58Z</created><modified>2018-12-18T19:03:58Z</modified><revision></revision><title></title><unit meter="0.010000"/><up_axis>Y_UP</up_axis></asset>
  <library_animations>
    <animation id="swat_Hips-anim" name="swat_Hips"><source id="swat_Hips-Matrix-animation-input"><float_array id="swat_Hips-Matrix-animation-input-array" count="28">

0.000000 0.033333 0.066667 0.100000 0.133333 0.166667 0.200000 0.233333 0.266667 0.300000 0.333333 0.366667 0.400000 0.433333 0.466667 0.500000
0.533333 0.566667 0.600000 0.633333 0.666667 0.700000 0.733333 0.766667 0.800000 0.833333 0.866667 0.900000</float_array><technique_common><accessor source="#swat_Hips-Matrix-animation-input-array" count="28"><param name="TIME" type="float"/></accessor></technique_common></source><source id="swat_Hips-Matrix-animation-output-transform"><float_array id="swat_Hips-Matrix-animation-output-transform-array" count="448">

0.978861 0.162005 -0.124839 -0.791258 -0.182100 0.968235 -0.171348 82.063988 0.093114 0.190459 0.977269 -0.227457 0.000000 0.000000 0.000000 1.000000
0.943522 -0.012501 -0.331074 -0.098611 -0.027456 0.992900 -0.115739 88.150040 0.330170 0.118293 0.936480 19.802662 0.000000 0.000000 0.000000 1.000000
0.900037 -0.196435 -0.389033 -1.252289 0.170327 0.980210 -0.100884 96.706848 0.401151 0.024536 0.915683 34.577000 0.000000 0.000000 0.000000 1.000000
0.883715 -0.312470 -0.348441 -2.316502 0.298306 0.949719 -0.095114 103.694214 0.360641 -0.019888 0.932493 47.338531 0.000000 0.000000 0.000000 1.000000
0.898472 -0.332739 -0.286414 -2.621532 0.329313 0.942212 -0.061562 108.998344 0.290347 -0.039008 0.956126 61.023136 0.000000 0.000000 0.000000 1.000000
0.933663 -0.275977 -0.228275 -2.506721 0.282044 0.959381 -0.006281 113.367371 0.220736 -0.058519 0.973576 75.631386 0.000000 0.000000 0.000000 1.000000
0.962168 -0.211483 -0.171776 -2.350480 0.223899 0.972989 0.056225 117.341263 0.155246 -0.092558 0.983530 91.041321 0.000000 0.000000 0.000000 1.000000
0.975899 -0.177614 -0.126784 -2.153618 0.188627 0.978717 0.080822 121.219032 0.109730 -0.102789 0.988632 106.731422 0.000000 0.000000 0.000000 1.000000
0.979581 -0.163215 -0.117394 -1.667990 0.173095 0.981690 0.079514 124.236412 0.102267 -0.098211 0.989897 121.613297 0.000000 0.000000 0.000000 1.000000
0.977729 -0.154103 -0.142469 -0.932593 0.168086 0.981479 0.091905 125.963005 0.125668 -0.113806 0.985523 136.140167 0.000000 0.000000 0.000000 1.000000
0.977014 -0.134940 -0.165032 -0.214739 0.157354 0.978781 0.131253 126.281250 0.143819 -0.154204 0.977516 150.486664 0.000000 0.000000 0.000000 1.000000
0.984589 -0.100676 -0.143002 0.352010 0.125971 0.975460 0.180582 125.657654 0.121312 -0.195813 0.973109 164.616425 0.000000 0.000000 0.000000 1.000000
0.996033 -0.056982 -0.068341 0.778561 0.070681 0.973238 0.218658 124.101494 0.054053 -0.222621 0.973405 178.808411 0.000000 0.000000 0.000000 1.000000
0.999226 -0.006828 0.038748 1.117365 -0.002459 0.972062 0.234712 121.407761 -0.039268 -0.234626 0.971292 193.573227 0.000000 0.000000 0.000000 1.000000
0.988444 0.043029 0.145354 1.354760 -0.076094 0.970148 0.230268 117.750061 -0.131107 -0.238668 0.962210 209.148209 0.000000 0.000000 0.000000 1.000000
0.970895 0.082720 0.224767 1.507127 -0.131734 0.968193 0.212717 113.496750 -0.200022 -0.236135 0.950911 225.421097 0.000000 0.000000 0.000000 1.000000
0.956042 0.111676 0.271130 1.605143 -0.167661 0.966770 0.192989 108.254318 -0.240568 -0.229963 0.942997 242.142792 0.000000 0.000000 0.000000 1.000000
0.945781 0.119082 0.302188 1.501986 -0.181020 0.965733 0.185990 101.929291 -0.269685 -0.230608 0.934928 258.426208 0.000000 0.000000 0.000000 1.000000
0.936893 0.096101 0.336149 1.127966 -0.173130 0.962841 0.207275 95.279007 -0.303738 -0.252392 0.918717 273.834900 0.000000 0.000000 0.000000 1.000000
0.930235 0.028914 0.365824 0.616401 -0.128083 0.959780 0.249835 89.709435 -0.343887 -0.279261 0.896524 288.911621 0.000000 0.000000 0.000000 1.000000
0.932301 -0.011329 0.361507 0.085634 -0.093805 0.957734 0.271930 85.256073 -0.349308 -0.287432 0.891833 305.156677 0.000000 0.000000 0.000000 1.000000
0.940617 -0.023386 0.338664 -0.170898 -0.055732 0.973450 0.222010 84.171249 -0.334865 -0.227701 0.914340 322.885223 0.000000 0.000000 0.000000 1.000000
0.945362 -0.011705 0.325811 -0.238820 -0.022519 0.994624 0.101073 83.375671 -0.325243 -0.102887 0.940017 341.051514 0.000000 0.000000 0.000000 1.000000
0.946721 0.003983 0.322030 -0.311904 0.002562 0.999799 -0.019899 82.475258 -0.322045 0.019664 0.946520 358.372498 0.000000 0.000000 0.000000 1.000000
0.958451 0.024177 0.284230 -0.454795 -0.002543 0.997086 -0.076239 82.458939 -0.285245 0.072349 0.955720 374.833435 0.000000 0.000000 0.000000 1.000000
0.981236 0.086267 0.172434 -0.554592 -0.071138 0.993207 -0.092078 82.867455 -0.179206 0.078084 0.980708 389.962646 0.000000 0.000000 0.000000 1.000000
0.989514 0.142802 0.021678 -0.548734 -0.138990 0.982236 -0.126069 82.621445 -0.039295 0.121734 0.991785 405.670502 0.000000 0.000000 0.000000 1.000000
0.978863 0.162065 -0.124747 -0.713256 -0.182142 0.968224 -0.171365 82.057213 0.093011 0.190464 0.977278 423.742767 0.000000 0.000000 0.000000 1.000000</float_array><technique_common><accessor source="#swat_Hips-Matrix-animation-output-transform-array" count="28" stride="16"><param type="float4x4"/></accessor></technique_common></source><source id="swat_Hips-Interpolations"><Name_array id="swat_Hips-Interpolations-array" count="28">
 LINEAR LINEAR LINEAR LINEAR LINEAR LINEAR LINEAR LINEAR LINEAR LINEAR LINEAR
LINEAR LINEAR LINEAR LINEAR LINEAR LINEAR LINEAR LINEAR LINEAR LINEAR LINEAR LINEAR
LINEAR LINEAR LINEAR LINEAR LINEAR</Name_array><technique_common><accessor source="#swat_Hips-Interpolations-array" count="28"><param type="name"/></accessor></technique_common></source><sampler id="swat_Hips-Matrix-animation-transform"><input semantic="INPUT" source="#swat_Hips-Matrix-animation-input"/><input semantic="OUTPUT" source="#swat_Hips-Matrix-animation-output-transform"/><input semantic="INTERPOLATION" source="#swat_Hips-Interpolations"/></sampler><channel source="#swat_Hips-Matrix-animation-transform" target="swat_Hips/matrix"/></animation>
    <animation id="swat_Spine-anim" name="swat_Spine"><source id="swat_Spine-Matrix-animation-input"><float_array id="swat_Spine-Matrix-animation-input-array" count="28">

0.000000 0.033333 0.066667 0.100000 0.133333 0.166667 0.200000 0.233333 0.266667 0.300000 0.333333 0.366667 0.400000 0.433333 0.466667 0.500000
0.533333 0.566667 0.600000 0.633333 0.666667 0.700000 0.733333 0.766667 0.800000 0.833333 0.866667 0.900000</float_array><technique_common><accessor source="#swat_Spine-Matrix-animation-input-array" count="28"><param name="TIME" type="float"/></accessor></technique_common></source><source id="swat_Spine-Matrix-animation-output-transform"><float_array id="swat_Spine-Matrix-animation-output-transform-array" count="448">

0.942023 -0.328625 0.067810 -0.000000 0.331306 0.942956 -0.032724 9.226300 -0.053187 0.053293 0.997161 1.577100 0.000000 0.000000 0.000000 1.000000
0.926493 -0.115996 0.357990 0.000000 0.147871 0.987005 -0.062886 9.226300 -0.346043 0.111199 0.931606 1.577100 0.000000 0.000000 0.000000 1.000000
0.831984 0.157418 0.531998 -0.000000 -0.068920 0.980799 -0.182435 9.226300 -0.550502 0.115118 0.826859 1.577100 0.000000 0.000000 0.000000 1.000000
0.766805 0.353899 0.535505 0.000000 -0.201588 0.924841 -0.322540 9.226300 -0.609403 0.139374 0.780514 1.577100 0.000000 0.000000 0.000000 1.000000
0.778617 0.415998 0.469788 0.000000 -0.220424 0.882278 -0.415932 9.226300 -0.587510 0.220299 0.778653 1.577100 0.000000 0.000000 0.000000 1.000000
0.830469 0.364481 0.421278 -0.000000 -0.158330 0.879494 -0.448801 9.226300 -0.534091 0.306014 0.788100 1.577100 0.000000 0.000000 0.000000 1.000000
0.864842 0.315317 0.390672 -0.000000 -0.106469 0.875653 -0.471059 9.226300 -0.490626 0.365797 0.790872 1.577100 0.000000 0.000000 0.000000 1.000000
0.872269 0.296225 0.389098 0.000000 -0.089607 0.879005 -0.468317 9.226300 -0.480746 0.373633 0.793273 1.577100 0.000000 0.000000 0.000000 1.000000
0.872012 0.271128 0.407535 0.000000 -0.059763 0.885324 -0.461118 9.226300 -0.485823 0.377745 0.788216 1.577100 0.000000 0.000000 0.000000 1.000000
0.874764 0.244169 0.418531 0.000000 -0.012031 0.874434 -0.484995 9.226300 -0.484399 0.419221 0.767862 1.577100 0.000000 0.000000 0.000000 1.000000
0.892341 0.214182 0.397308 0.000000 0.039705 0.839582 -0.541780 9.226300 -0.449612 0.499228 0.740689 1.577100 0.000000 0.000000 0.000000 1.000000
0.925487 0.164799 0.341050 0.000000 0.080111 0.794863 -0.601477 9.226300 -0.370211 0.583981 0.722433 1.577100 0.000000 0.000000 0.000000 1.000000
0.959599 0.086880 0.267623 0.000000 0.110812 0.757579 -0.643269 9.226300 -0.258633 0.646936 0.717344 1.577100 0.000000 0.000000 0.000000 1.000000
0.980558 -0.012207 0.195852 0.000000 0.140279 0.741512 -0.656111 9.226300 -0.137218 0.670829 0.728807 1.577100 0.000000 0.000000 0.000000 1.000000
0.986261 -0.105849 0.126828 0.000000 0.162798 0.753089 -0.637459 9.226300 -0.028038 0.649348 0.759974 1.577100 0.000000 0.000000 0.000000 1.000000
0.984150 -0.171206 0.046236 0.000000 0.165004 0.788486 -0.592507 9.226300 0.064984 0.590744 0.804238 1.577100 0.000000 0.000000 0.000000 1.000000
0.976854 -0.207313 -0.052694 -0.000000 0.148886 0.835851 -0.528381 9.226300 0.153585 0.508305 0.847371 1.577100 0.000000 0.000000 0.000000 1.000000
0.963520 -0.208672 -0.167587 0.000000 0.106712 0.873781 -0.474467 9.226300 0.245442 0.439275 0.864173 1.577100 0.000000 0.000000 0.000000 1.000000
0.944927 -0.167255 -0.281317 0.000000 0.019275 0.886504 -0.462320 9.226300 0.326714 0.431436 0.840905 1.577100 0.000000 0.000000 0.000000 1.000000
0.918149 -0.060838 -0.391536 0.000000 -0.133727 0.882588 -0.450728 9.226300 0.372986 0.466195 0.802212 1.577100 0.000000 0.000000 0.000000 1.000000
0.894509 0.020987 -0.446556 0.000000 -0.222272 0.887559 -0.403527 9.226300 0.387876 0.460216 0.798595 1.577100 0.000000 0.000000 0.000000 1.000000
0.887938 0.056635 -0.456463 0.000000 -0.206026 0.936242 -0.284612 9.226300 0.411241 0.346762 0.842993 1.577100 0.000000 0.000000 0.000000 1.000000
0.893267 0.043771 -0.447391 0.000000 -0.101875 0.989065 -0.106639 9.226300 0.437831 0.140835 0.887958 1.577100 0.000000 0.000000 0.000000 1.000000
0.902428 0.016556 -0.430523 -0.000000 -0.002118 0.999420 0.033996 9.226300 0.430836 -0.029767 0.901939 1.577100 0.000000 0.000000 0.000000 1.000000
0.924743 -0.050370 -0.377244 0.000000 0.067890 0.997138 0.033280 9.226300 0.374488 -0.056387 0.925516 1.577100 0.000000 0.000000 0.000000 1.000000
0.948749 -0.187081 -0.254707 -0.000000 0.174533 0.982073 -0.071218 9.226300 0.263465 0.023113 0.964392 1.577100 0.000000 0.000000 0.000000 1.000000
0.951399 -0.291747 -0.098605 -0.000000 0.284044 0.955031 -0.085059 9.226300 0.118987 0.052917 0.991485 1.577100 0.000000 0.000000 0.000000 1.000000
0.942008 -0.328688 0.067718 0.000000 0.331364 0.942936 -0.032721 9.226300 -0.053099 0.053262 0.997168 1.577100 0.000000 0.000000 0.000000 1.000000</float_array><technique_common><accessor source="#swat_Spine-Matrix-animation-output-transform-array" count="28" stride="16"><param type="float4x4"/></accessor></technique_common></source><source id="swat_Spine-Interpolations"><Name_array id="swat_Spine-Interpolations-array" count="28">
 LINEAR LINEAR LINEAR LINEAR LINEAR LINEAR LINEAR LINEAR LINEAR LINEAR LINEAR
LINEAR LINEAR LINEAR LINEAR LINEAR LINEAR LINEAR LINEAR LINEAR LINEAR LINEAR LINEAR
LINEAR LINEAR LINEAR LINEAR LINEAR</Name_array><technique_common><accessor source="#swat_Spine-Interpolations-array" count="28"><param type="name"/></accessor></technique_common></source><sampler id="swat_Spine-Matrix-animation-transform"><input semantic="INPUT" source="#swat_Spine-Matrix-animation-input"/><input semantic="OUTPUT" source="#swat_Spine-Matrix-animation-output-transform"/><input semantic="INTERPOLATION" source="#swat_Spine-Interpolations"/></sampler><channel source="#swat_Spine-Matrix-animation-transform" target="swat_Spine/matrix"/></animation>
    <animation id="swat_Spine1-anim" name="swat_Spine1"><source id="swat_Spine1-Matrix-animation-input"><float_array id="swat_Spine1-Matrix-animation-input-array" count="28">

0.000000 0.033333 0.066667 0.100000 0.133333 0.166667 0.200000 0.233333 0.266667 0.300000 0.333333 0.366667 0.400000 0.433333 0.466667 0.500000
0.533333 0.566667 0.600000 0.633333 0.666667 0.700000 0.733333 0.766667 0.800000 0.833333 0.866667 0.900000</float_array><technique_common><accessor source="#swat_Spine1-Matrix-animation-input-array" count="28"><param name="TIME" type="float"/></accessor></technique_common></source><source id="swat_Spine1-Matrix-animation-output-transform"><float_array id="swat_Spine1-Matrix-animation-output-transform-array" count="448">

0.996909 0.077686 0.011749 0.000000 -0.076920 0.995484 -0.055629 16.254000 -0.016018 0.054554 0.998382 -0.165600 0.000000 0.000000 0.000000 1.000000
0.992059 0.116763 0.046755 0.000000 -0.114699 0.992397 -0.044640 16.254000 -0.051611 0.038923 0.997908 -0.165600 0.000000 0.000000 0.000000 1.000000
0.987903 0.138043 0.070654 0.000000 -0.133317 0.988755 -0.067747 16.254000 -0.079211 0.057508 0.995198 -0.165600 0.000000 0.000000 0.000000 1.000000
0.990067 0.116635 0.078504 0.000000 -0.110403 0.990700 -0.079527 16.254000 -0.087049 0.070070 0.993737 -0.165600 0.000000 0.000000 0.000000 1.000000
0.993091 0.088012 0.077621 0.000000 -0.082879 0.994302 -0.067042 16.254000 -0.083079 0.060145 0.994726 -0.165600 0.000000 0.000000 0.000000 1.000000
0.995253 0.065526 0.071962 0.000000 -0.061201 0.996275 -0.060744 16.254000 -0.075675 0.056052 0.995556 -0.165600 0.000000 0.000000 0.000000 1.000000
0.996591 0.048984 0.066386 -0.000000 -0.044845 0.997039 -0.062464 16.254000 -0.069249 0.059274 0.995837 -0.165600 0.000000 0.000000 0.000000 1.000000
0.997155 0.039627 0.064118 -0.000000 -0.035510 0.997310 -0.064129 16.254000 -0.066487 0.061669 0.995880 -0.165600 0.000000 0.000000 0.000000 1.000000
0.997105 0.039076 0.065232 0.000000 -0.035238 0.997637 -0.058973 16.254000 -0.067383 0.056504 0.996126 -0.165600 0.000000 0.000000 0.000000 1.000000
0.997105 0.037311 0.066249 0.000000 -0.033802 0.998005 -0.053316 16.254000 -0.068106 0.050922 0.996378 -0.165600 0.000000 0.000000 0.000000 1.000000
0.997600 0.029533 0.062628 0.000000 -0.026752 0.998638 -0.044787 16.254000 -0.063866 0.043004 0.997032 -0.165600 0.000000 0.000000 0.000000 1.000000
0.998535 0.013506 0.052398 0.000000 -0.011834 0.999415 -0.032100 16.254000 -0.052801 0.031433 0.998110 -0.165600 0.000000 0.000000 0.000000 1.000000
0.999290 -0.007162 0.036989 0.000000 0.007833 0.999807 -0.018032 16.254000 -0.036853 0.018309 0.999153 -0.165600 0.000000 0.000000 0.000000 1.000000
0.999387 -0.028909 0.019754 0.000000 0.029120 0.999521 -0.010479 16.254000 -0.019442 0.011048 0.999750 -0.165600 0.000000 0.000000 0.000000 1.000000
0.998780 -0.049213 0.004055 -0.000000 0.049274 0.998645 -0.016746 16.254000 -0.003226 0.016926 0.999852 -0.165600 0.000000 0.000000 0.000000 1.000000
0.997818 -0.065405 -0.009039 0.000000 0.065028 0.997194 -0.037095 16.254000 0.011440 0.036426 0.999271 -0.165600 0.000000 0.000000 0.000000 1.000000
0.997105 -0.073074 -0.021029 0.000000 0.071627 0.995448 -0.062877 16.254000 0.025528 0.061189 0.997800 -0.165600 0.000000 0.000000 0.000000 1.000000
0.996980 -0.069621 -0.034412 0.000000 0.066748 0.994672 -0.078558 16.254000 0.039698 0.076024 0.996315 -0.165600 0.000000 0.000000 0.000000 1.000000
0.996904 -0.060901 -0.049744 0.000000 0.057151 0.995648 -0.073617 16.254000 0.054011 0.070546 0.996045 -0.165600 0.000000 0.000000 0.000000 1.000000
0.996730 -0.049602 -0.063789 0.000000 0.045540 0.996935 -0.063619 16.254000 0.066749 0.060506 0.995934 -0.165600 0.000000 0.000000 0.000000 1.000000
0.996628 -0.040843 -0.071159 0.000000 0.036303 0.997292 -0.063965 16.254000 0.073578 0.061166 0.995412 -0.165600 0.000000 0.000000 0.000000 1.000000
0.996901 -0.033051 -0.071392 0.000000 0.027882 0.996999 -0.072220 16.254000 0.073564 0.070006 0.994830 -0.165600 0.000000 0.000000 0.000000 1.000000
0.997272 -0.032988 -0.066027 0.000000 0.027208 0.995872 -0.086599 16.254000 0.068611 0.084566 0.994053 -0.165600 0.000000 0.000000 0.000000 1.000000
0.997611 -0.038103 -0.057628 0.000000 0.032538 0.994982 -0.094612 16.254000 0.060944 0.092511 0.993845 -0.165600 0.000000 0.000000 0.000000 1.000000
0.998393 -0.030134 -0.047984 -0.000000 0.025978 0.996043 -0.084994 16.254000 0.050356 0.083611 0.995225 -0.165600 0.000000 0.000000 0.000000 1.000000
0.999444 -0.002251 -0.033274 -0.000000 -0.000020 0.997680 -0.068077 16.254000 0.033350 0.068040 0.997125 -0.165600 0.000000 0.000000 0.000000 1.000000
0.999225 0.037472 -0.012055 0.000000 -0.038126 0.997497 -0.059554 16.254000 0.009793 0.059968 0.998152 -0.165600 0.000000 0.000000 0.000000 1.000000
0.996909 0.077686 0.011749 0.000000 -0.076920 0.995484 -0.055629 16.254000 -0.016018 0.054554 0.998382 -0.165600 0.000000 0.000000 0.000000 1.000000</float_array><technique_common><accessor source="#swat_Spine1-Matrix-animation-output-transform-array" count="28" stride="16"><param type="float4x4"/></accessor></technique_common></source><source id="swat_Spine1-Interpolations"><Name_array id="swat_Spine1-Interpolations-array" count="28">
 LINEAR LINEAR LINEAR LINEAR LINEAR LINEAR LINEAR LINEAR LINEAR LINEAR LINEAR
LINEAR LINEAR LINEAR LINEAR LINEAR LINEAR LINEAR LINEAR LINEAR LINEAR LINEAR LINEAR
LINEAR LINEAR LINEAR LINEAR LINEAR</Name_array><technique_common><accessor source="#swat_Spine1-Interpolations-array" count="28"><param type="name"/></accessor></technique_common></source><sampler id="swat_Spine1-Matrix-animation-transform"><input semantic="INPUT" source="#swat_Spine1-Matrix-animation-input"/><input semantic="OUTPUT" source="#swat_Spine1-Matrix-animation-output-transform"/><input semantic="INTERPOLATION" source="#swat_Spine1-Interpolations"/></sampler><channel source="#swat_Spine1-Matrix-animation-transform" target="swat_Spine1/matrix"/></animation>
    <animation id="swat_Spine2-anim" name="swat_Spine2"><source id="swat_Spine2-Matrix-animation-input"><float_array id="swat_Spine2-Matrix-animation-input-array" count="28">

0.000000 0.033333 0.066667 0.100000 0.133333 0.166667 0.200000 0.233333 0.266667 0.300000 0.333333 0.366667 0.400000 0.433333 0.466667 0.500000
0.533333 0.566667 0.600000 0.633333 0.666667 0.700000 0.733333 0.766667 0.800000 0.833333 0.866667 0.900000</float_array><technique_common><accessor source="#swat_Spine2-Matrix-animation-input-array" count="28"><param name="TIME" type="float"/></accessor></technique_common></source><source id="swat_Spine2-Matrix-animation-output-transform"><float_array id="swat_Spine2-Matrix-animation-output-transform-array" count="448">

0.996945 0.077178 0.012030 0.000000 -0.076382 0.995473 -0.056569 13.639600 -0.016342 0.055477 0.998326 -1.292300 0.000000 0.000000 0.000000 1.000000
0.992093 0.118222 0.042138 -0.000000 -0.116176 0.992064 -0.048085 13.639600 -0.047488 0.042809 0.997954 -1.292300 0.000000 0.000000 0.000000 1.000000
0.988161 0.138705 0.065562 0.000000 -0.133846 0.988274 -0.073488 13.639600 -0.074986 0.063843 0.995139 -1.292300 0.000000 0.000000 0.000000 1.000000
0.990375 0.115213 0.076699 0.000000 -0.108718 0.990511 -0.084070 13.639600 -0.085657 0.074922 0.993504 -1.292300 0.000000 0.000000 0.000000 1.000000
0.993241 0.086845 0.077002 0.000000 -0.081531 0.994233 -0.069662 13.639600 -0.082607 0.062913 0.994594 -1.292300 0.000000 0.000000 0.000000 1.000000
0.995321 0.065154 0.071356 0.000000 -0.060766 0.996222 -0.062038 13.639600 -0.075129 0.057412 0.995520 -1.292300 0.000000 0.000000 0.000000 1.000000
0.996626 0.048902 0.065912 0.000000 -0.044748 0.997004 -0.063090 13.639600 -0.068800 0.059928 0.995829 -1.292300 0.000000 0.000000 0.000000 1.000000
0.997177 0.039516 0.063848 0.000000 -0.035390 0.997290 -0.064500 13.639600 -0.066224 0.062058 0.995873 -1.292300 0.000000 0.000000 0.000000 1.000000
0.997140 0.039250 0.064579 0.000000 -0.035407 0.997594 -0.059611 13.639600 -0.066763 0.057154 0.996131 -1.292300 0.000000 0.000000 0.000000 1.000000
0.997152 0.038062 0.065109 0.000000 -0.034550 0.997931 -0.054230 13.639600 -0.067038 0.051826 0.996404 -1.292300 0.000000 0.000000 0.000000 1.000000
0.997638 0.031179 0.061205 0.000000 -0.028403 0.998551 -0.045705 13.639600 -0.062541 0.043859 0.997078 -1.292300 0.000000 0.000000 0.000000 1.000000
0.998548 0.015841 0.051489 0.000000 -0.014173 0.999368 -0.032598 13.639600 -0.051973 0.031821 0.998141 -1.292300 0.000000 0.000000 0.000000 1.000000
0.999289 -0.004887 0.037375 0.000000 0.005565 0.999822 -0.018053 13.639600 -0.037280 0.018248 0.999138 -1.292300 0.000000 0.000000 0.000000 1.000000
0.999384 -0.027493 0.021795 0.000000 0.027721 0.999563 -0.010246 13.639600 -0.021503 0.010844 0.999710 -1.292300 0.000000 0.000000 0.000000 1.000000
0.998776 -0.048887 0.007569 0.000000 0.049007 0.998661 -0.016567 13.639600 -0.006749 0.016917 0.999834 -1.292300 0.000000 0.000000 0.000000 1.000000
0.997823 -0.065779 -0.004754 0.000000 0.065557 0.997150 -0.037326 13.639600 0.007196 0.036933 0.999292 -1.292300 0.000000 0.000000 0.000000 1.000000
0.997152 -0.073518 -0.016802 0.000000 0.072308 0.995337 -0.063848 13.639600 0.021417 0.062451 0.997818 -1.292300 0.000000 0.000000 0.000000 1.000000
0.997086 -0.069904 -0.030554 0.000000 0.067259 0.994492 -0.080385 13.639600 0.036005 0.078096 0.996295 -1.292300 0.000000 0.000000 0.000000 1.000000
0.997048 -0.061799 -0.045563 0.000000 0.058201 0.995371 -0.076475 13.639600 0.050079 0.073597 0.996030 -1.292300 0.000000 0.000000 0.000000 1.000000
0.996908 -0.051807 -0.059087 0.000000 0.047776 0.996560 -0.067712 13.639600 0.062391 0.064679 0.995954 -1.292300 0.000000 0.000000 0.000000 1.000000
0.996845 -0.043593 -0.066326 0.000000 0.038995 0.996846 -0.069116 13.639600 0.069130 0.066311 0.995401 -1.292300 0.000000 0.000000 0.000000 1.000000
0.997108 -0.035055 -0.067423 0.000000 0.029810 0.996563 -0.077295 13.639600 0.069901 0.075061 0.994726 -1.292300 0.000000 0.000000 0.000000 1.000000
0.997409 -0.033251 -0.063787 0.000000 0.027359 0.995464 -0.091123 13.639600 0.066527 0.089142 0.993795 -1.292300 0.000000 0.000000 0.000000 1.000000
0.997668 -0.037447 -0.057058 0.000000 0.031682 0.994604 -0.098787 13.639600 0.060450 0.096749 0.993471 -1.292300 0.000000 0.000000 0.000000 1.000000
0.998417 -0.030422 -0.047309 0.000000 0.026161 0.995758 -0.088211 13.639600 0.049792 0.086834 0.994978 -1.292300 0.000000 0.000000 0.000000 1.000000
0.999503 -0.003716 -0.031291 0.000000 0.001529 0.997572 -0.069625 13.639600 0.031474 0.069543 0.997082 -1.292300 0.000000 0.000000 0.000000 1.000000
0.999294 0.036170 -0.010199 0.000000 -0.036721 0.997506 -0.060276 13.639600 0.007993 0.060608 0.998130 -1.292300 0.000000 0.000000 0.000000 1.000000
0.996945 0.077178 0.012030 0.000000 -0.076382 0.995473 -0.056569 13.639600 -0.016342 0.055477 0.998326 -1.292300 0.000000 0.000000 0.000000 1.000000</float_array><technique_common><accessor source="#swat_Spine2-Matrix-animation-output-transform-array" count="28" stride="16"><param type="float4x4"/></accessor></technique_common></source><source id="swat_Spine2-Interpolations"><Name_array id="swat_Spine2-Interpolations-array" count="28">
 LINEAR LINEAR LINEAR LINEAR LINEAR LINEAR LINEAR LINEAR LINEAR LINEAR LINEAR
LINEAR LINEAR LINEAR LINEAR LINEAR LINEAR LINEAR LINEAR LINEAR LINEAR LINEAR LINEAR
LINEAR LINEAR LINEAR LINEAR LINEAR</Name_array><technique_common><accessor source="#swat_Spine2-Interpolations-array" count="28"><param type="name"/></accessor></technique_common></source><sampler id="swat_Spine2-Matrix-animation-transform"><input semantic="INPUT" source="#swat_Spine2-Matrix-animation-input"/><input semantic="OUTPUT" source="#swat_Spine2-Matrix-animation-output-transform"/><input semantic="INTERPOLATION" source="#swat_Spine2-Interpolations"/></sampler><channel source="#swat_Spine2-Matrix-animation-transform" target="swat_Spine2/matrix"/></animation>
    <animation id="swat_Neck-anim" name="swat_Neck"><source id="swat_Neck-Matrix-animation-input"><float_array id="swat_Neck-Matrix-animation-input-array" count="28">

0.000000 0.033333 0.066667 0.100000 0.133333 0.166667 0.200000 0.233333 0.266667 0.300000 0.333333 0.366667 0.400000 0.433333 0.466667 0.500000
0.533333 0.566667 0.600000 0.633333 0.666667 0.700000 0.733333 0.766667 0.800000 0.833333 0.866667 0.900000</float_array><technique_common><accessor source="#swat_Neck-Matrix-animation-input-array" count="28"><param name="TIME" type="float"/></accessor></technique_common></source><source id="swat_Neck-Matrix-animation-output-transform"><float_array id="swat_Neck-Matrix-animation-output-transform-array" count="448">

0.999973 0.006709 0.003091 -0.000000 -0.006465 0.997299 -0.073160 13.877400 -0.003574 0.073138 0.997315 -4.354200 0.000000 0.000000 0.000000 1.000000
0.999291 0.037495 -0.003482 -0.000000 -0.037640 0.997313 -0.062852 13.877400 0.001116 0.062939 0.998017 -4.354200 0.000000 0.000000 0.000000 1.000000
0.997473 0.070647 -0.007526 0.000000 -0.070885 0.996747 -0.038361 13.877400 0.004791 0.038797 0.999236 -4.354200 0.000000 0.000000 0.000000 1.000000
0.995240 0.097253 -0.006237 0.000000 -0.097255 0.995259 -0.000141 13.877400 0.006193 0.000747 0.999981 -4.354200 0.000000 0.000000 0.000000 1.000000
0.994678 0.102882 -0.005492 0.000000 -0.102673 0.994259 0.030134 13.877400 0.008561 -0.029410 0.999531 -4.354200 0.000000 0.000000 0.000000 1.000000
0.996023 0.088602 -0.009400 0.000000 -0.088230 0.995502 0.034508 13.877400 0.012415 -0.033541 0.999360 -4.354200 0.000000 0.000000 0.000000 1.000000
0.997488 0.069302 -0.014686 0.000000 -0.068925 0.997313 0.024822 13.877400 0.016367 -0.023748 0.999584 -4.354200 0.000000 0.000000 0.000000 1.000000
0.998229 0.056169 -0.019591 -0.000000 -0.056092 0.998416 0.004454 13.877400 0.019810 -0.003347 0.999798 -4.354200 0.000000 0.000000 0.000000 1.000000
0.998456 0.050629 -0.022869 0.000000 -0.050935 0.998617 -0.013006 13.877400 0.022179 0.014151 0.999654 -4.354200 0.000000 0.000000 0.000000 1.000000
0.998532 0.048406 -0.024299 0.000000 -0.048881 0.998617 -0.019353 13.877400 0.023329 0.020512 0.999517 -4.354200 0.000000 0.000000 0.000000 1.000000
0.998718 0.044441 -0.024225 0.000000 -0.044932 0.998787 -0.020122 13.877400 0.023301 0.021185 0.999504 -4.354200 0.000000 0.000000 0.000000 1.000000
0.999084 0.036001 -0.023120 0.000000 -0.036560 0.999037 -0.024250 13.877400 0.022225 0.025073 0.999439 -4.354200 0.000000 0.000000 0.000000 1.000000
0.999455 0.025081 -0.021482 0.000000 -0.025776 0.999133 -0.032703 13.877400 0.020643 0.033239 0.999234 -4.354200 0.000000 0.000000 0.000000 1.000000
0.999695 0.014690 -0.019872 0.000000 -0.015505 0.999016 -0.041542 13.877400 0.019242 0.041837 0.998939 -4.354200 0.000000 0.000000 0.000000 1.000000
0.999803 0.007931 -0.018215 -0.000000 -0.008842 0.998684 -0.050509 13.877400 0.017791 0.050660 0.998557 -4.354200 0.000000 0.000000 0.000000 1.000000
0.999853 0.007910 -0.015237 -0.000000 -0.008803 0.998194 -0.059422 13.877400 0.014740 0.059547 0.998117 -4.354200 0.000000 0.000000 0.000000 1.000000
0.999844 0.014793 -0.009668 0.000000 -0.015425 0.997496 -0.069020 13.877400 0.008622 0.069158 0.997568 -4.354200 0.000000 0.000000 0.000000 1.000000
0.999803 0.019670 -0.002520 0.000000 -0.019806 0.996841 -0.076908 13.877400 0.000999 0.076943 0.997035 -4.354200 0.000000 0.000000 0.000000 1.000000
0.999964 0.007548 0.003964 0.000000 -0.007210 0.996823 -0.079325 13.877400 -0.004550 0.079293 0.996841 -4.354200 0.000000 0.000000 0.000000 1.000000
0.999779 -0.018139 0.010626 -0.000000 0.018944 0.996510 -0.081299 13.877400 -0.009114 0.081482 0.996633 -4.354200 0.000000 0.000000 0.000000 1.000000
0.999259 -0.033695 0.018593 -0.000000 0.035199 0.995537 -0.087560 13.877400 -0.015560 0.088150 0.995986 -4.354200 0.000000 0.000000 0.000000 1.000000
0.999260 -0.029260 0.024972 -0.000000 0.031470 0.995142 -0.093288 13.877400 -0.022121 0.094005 0.995326 -4.354200 0.000000 0.000000 0.000000 1.000000
0.999476 -0.019107 0.026114 0.000000 0.021444 0.995494 -0.092373 13.877400 -0.024231 0.092885 0.995382 -4.354200 0.000000 0.000000 0.000000 1.000000
0.999612 -0.015284 0.023269 0.000000 0.017326 0.995768 -0.090255 13.877400 -0.021791 0.090623 0.995647 -4.354200 0.000000 0.000000 0.000000 1.000000
0.999733 -0.013530 0.018733 0.000000 0.015119 0.996051 -0.087482 13.877400 -0.017476 0.087742 0.995990 -4.354200 0.000000 0.000000 0.000000 1.000000
0.999845 -0.011365 0.013436 0.000000 0.012455 0.996387 -0.084015 13.877400 -0.012432 0.084169 0.996374 -4.354200 0.000000 0.000000 0.000000 1.000000
0.999945 -0.006323 0.008338 0.000000 0.006969 0.996784 -0.079828 13.877400 -0.007806 0.079882 0.996774 -4.354200 0.000000 0.000000 0.000000 1.000000
0.999973 0.006709 0.003091 0.000000 -0.006465 0.997299 -0.073160 13.877400 -0.003574 0.073138 0.997315 -4.354200 0.000000 0.000000 0.000000 1.000000</float_array><technique_common><accessor source="#swat_Neck-Matrix-animation-output-transform-array" count="28" stride="16"><param type="float4x4"/></accessor></technique_common></source><source id="swat_Neck-Interpolations"><Name_array id="swat_Neck-Interpolations-array" count="28">
 LINEAR LINEAR LINEAR LINEAR LINEAR LINEAR LINEAR LINEAR LINEAR LINEAR LINEAR
LINEAR LINEAR LINEAR LINEAR LINEAR LINEAR LINEAR LINEAR LINEAR LINEAR LINEAR LINEAR
LINEAR LINEAR LINEAR LINEAR LINEAR</Name_array><technique_common><accessor source="#swat_Neck-Interpolations-array" count="28"><param type="name"/></accessor></technique_common></source><sampler id="swat_Neck-Matrix-animation-transform"><input semantic="INPUT" source="#swat_Neck-Matrix-animation-input"/><input semantic="OUTPUT" source="#swat_Neck-Matrix-animation-output-transform"/><input semantic="INTERPOLATION" source="#swat_Neck-Interpolations"/></sampler><channel source="#swat_Neck-Matrix-animation-transform" target="swat_Neck/matrix"/></animation>
    <animation id="swat_Neck1-anim" name="swat_Neck1"><source id="swat_Neck1-Matrix-animation-input"><float_array id="swat_Neck1-Matrix-animation-input-array" count="28">

0.000000 0.033333 0.066667 0.100000 0.133333 0.166667 0.200000 0.233333 0.266667 0.300000 0.333333 0.366667 0.400000 0.433333 0.466667 0.500000
0.533333 0.566667 0.600000 0.633333 0.666667 0.700000 0.733333 0.766667 0.800000 0.833333 0.866667 0.900000</float_array><technique_common><accessor source="#swat_Neck1-Matrix-animation-input-array" count="28"><param name="TIME" type="float"/></accessor></technique_common></source><source id="swat_Neck1-Matrix-animation-output-transform"><float_array id="swat_Neck1-Matrix-animation-output-transform-array" count="448">

0.999973 0.006709 0.003091 0.000000 -0.006465 0.997299 -0.073160 4.340000 -0.003574 0.073138 0.997315 0.926900 0.000000 0.000000 0.000000 1.000000
0.999291 0.037495 -0.003482 0.000000 -0.037640 0.997313 -0.062852 4.340000 0.001116 0.062939 0.998017 0.926900 0.000000 0.000000 0.000000 1.000000
0.997473 0.070646 -0.007526 -0.000000 -0.070884 0.996747 -0.038361 4.340000 0.004791 0.038798 0.999236 0.926900 0.000000 0.000000 0.000000 1.000000
0.995240 0.097253 -0.006237 0.000000 -0.097255 0.995259 -0.000141 4.340000 0.006193 0.000747 0.999981 0.926900 0.000000 0.000000 0.000000 1.000000
0.994678 0.102883 -0.005492 0.000000 -0.102673 0.994259 0.030132 4.340000 0.008561 -0.029408 0.999531 0.926900 0.000000 0.000000 0.000000 1.000000
0.996023 0.088602 -0.009399 0.000000 -0.088230 0.995502 0.034510 4.340000 0.012415 -0.033543 0.999360 0.926900 0.000000 0.000000 0.000000 1.000000
0.997488 0.069303 -0.014687 -0.000000 -0.068925 0.997313 0.024820 4.340000 0.016367 -0.023745 0.999584 0.926900 0.000000 0.000000 0.000000 1.000000
0.998229 0.056169 -0.019591 -0.000000 -0.056093 0.998416 0.004452 4.340000 0.019810 -0.003345 0.999798 0.926900 0.000000 0.000000 0.000000 1.000000
0.998456 0.050629 -0.022869 0.000000 -0.050935 0.998617 -0.013006 4.340000 0.022179 0.014151 0.999654 0.926900 0.000000 0.000000 0.000000 1.000000
0.998532 0.048406 -0.024299 0.000000 -0.048881 0.998617 -0.019353 4.340000 0.023329 0.020512 0.999517 0.926900 0.000000 0.000000 0.000000 1.000000
0.998718 0.044441 -0.024225 0.000000 -0.044932 0.998787 -0.020122 4.340000 0.023301 0.021185 0.999504 0.926900 0.000000 0.000000 0.000000 1.000000
0.999084 0.036001 -0.023120 -0.000000 -0.036560 0.999037 -0.024250 4.340000 0.022225 0.025073 0.999439 0.926900 0.000000 0.000000 0.000000 1.000000
0.999455 0.025081 -0.021482 0.000000 -0.025776 0.999133 -0.032703 4.340000 0.020643 0.033239 0.999234 0.926900 0.000000 0.000000 0.000000 1.000000
0.999695 0.014690 -0.019872 -0.000000 -0.015505 0.999016 -0.041542 4.340000 0.019243 0.041837 0.998939 0.926900 0.000000 0.000000 0.000000 1.000000
0.999803 0.007930 -0.018215 -0.000000 -0.008842 0.998684 -0.050512 4.340000 0.017791 0.050663 0.998557 0.926900 0.000000 0.000000 0.000000 1.000000
0.999853 0.007910 -0.015237 0.000000 -0.008803 0.998194 -0.059425 4.340000 0.014740 0.059550 0.998116 0.926900 0.000000 0.000000 0.000000 1.000000
0.999844 0.014793 -0.009667 0.000000 -0.015426 0.997496 -0.069020 4.340000 0.008622 0.069158 0.997568 0.926900 0.000000 0.000000 0.000000 1.000000
0.999803 0.019670 -0.002520 0.000000 -0.019806 0.996841 -0.076908 4.340000 0.000999 0.076943 0.997035 0.926900 0.000000 0.000000 0.000000 1.000000
0.999964 0.007548 0.003964 -0.000000 -0.007210 0.996823 -0.079325 4.340000 -0.004550 0.079293 0.996841 0.926900 0.000000 0.000000 0.000000 1.000000
0.999779 -0.018140 0.010626 -0.000000 0.018944 0.996510 -0.081299 4.340000 -0.009114 0.081482 0.996633 0.926900 0.000000 0.000000 0.000000 1.000000
0.999259 -0.033695 0.018593 0.000000 0.035199 0.995537 -0.087560 4.340000 -0.015560 0.088150 0.995986 0.926900 0.000000 0.000000 0.000000 1.000000
0.999260 -0.029260 0.024972 0.000000 0.031470 0.995142 -0.093288 4.340000 -0.022121 0.094005 0.995326 0.926900 0.000000 0.000000 0.000000 1.000000
0.999476 -0.019107 0.026114 -0.000000 0.021444 0.995494 -0.092373 4.340000 -0.024231 0.092885 0.995382 0.926900 0.000000 0.000000 0.000000 1.000000
0.999612 -0.015284 0.023269 0.000000 0.017326 0.995768 -0.090255 4.340000 -0.021791 0.090623 0.995647 0.926900 0.000000 0.000000 0.000000 1.000000
0.999733 -0.013530 0.018733 0.000000 0.015120 0.996051 -0.087484 4.340000 -0.017476 0.087744 0.995990 0.926900 0.000000 0.000000 0.000000 1.000000
0.999845 -0.011365 0.013436 0.000000 0.012455 0.996387 -0.084015 4.340000 -0.012432 0.084169 0.996374 0.926900 0.000000 0.000000 0.000000 1.000000
0.999945 -0.006323 0.008338 0.000000 0.006969 0.996784 -0.079828 4.340000 -0.007806 0.079882 0.996774 0.926900 0.000000 0.000000 0.000000 1.000000
0.999973 0.006709 0.003091 -0.000000 -0.006465 0.997299 -0.073160 4.340000 -0.003574 0.073138 0.997315 0.926900 0.000000 0.000000 0.000000 1.000000</float_array><technique_common><accessor source="#swat_Neck1-Matrix-animation-output-transform-array" count="28" stride="16"><param type="float4x4"/></accessor></technique_common></source><source id="swat_Neck1-Interpolations"><Name_array id="swat_Neck1-Interpolations-array" count="28">
 LINEAR LINEAR LINEAR LINEAR LINEAR LINEAR LINEAR LINEAR LINEAR LINEAR LINEAR
LINEAR LINEAR LINEAR LINEAR LINEAR LINEAR LINEAR LINEAR LINEAR LINEAR LINEAR LINEAR
LINEAR LINEAR LINEAR LINEAR LINEAR</Name_array><technique_common><accessor source="#swat_Neck1-Interpolations-array" count="28"><param type="name"/></accessor></technique_common></source><sampler id="swat_Neck1-Matrix-animation-transform"><input semantic="INPUT" source="#swat_Neck1-Matrix-animation-input"/><input semantic="OUTPUT" source="#swat_Neck1-Matrix-animation-output-transform"/><input semantic="INTERPOLATION" source="#swat_Neck1-Interpolations"/></sampler><channel source="#swat_Neck1-Matrix-animation-transform" target="swat_Neck1/matrix"/></animation>
    <animation id="swat_Head-anim" name="swat_Head"><source id="swat_Head-Matrix-animation-input"><float_array id="swat_Head-Matrix-animation-input-array" count="28">

0.000000 0.033333 0.066667 0.100000 0.133333 0.166667 0.200000 0.233333 0.266667 0.300000 0.333333 0.366667 0.400000 0.433333 0.466667 0.500000
0.533333 0.566667 0.600000 0.633333 0.666667 0.700000 0.733333 0.766667 0.800000 0.833333 0.866667 0.900000</float_array><technique_common><accessor source="#swat_Head-Matrix-animation-input-array" count="28"><param name="TIME" type="float"/></accessor></technique_common></source><source id="swat_Head-Matrix-animation-output-transform"><float_array id="swat_Head-Matrix-animation-output-transform-array" count="448">

0.999973 0.006709 0.003091 0.000000 -0.006465 0.997299 -0.073160 4.026600 -0.003574 0.073138 0.997315 0.858500 0.000000 0.000000 0.000000 1.000000
0.999291 0.037495 -0.003482 0.000000 -0.037640 0.997313 -0.062852 4.026600 0.001116 0.062939 0.998017 0.858500 0.000000 0.000000 0.000000 1.000000
0.997473 0.070647 -0.007526 0.000000 -0.070885 0.996747 -0.038360 4.026600 0.004791 0.038796 0.999236 0.858500 0.000000 0.000000 0.000000 1.000000
0.995240 0.097252 -0.006237 0.000000 -0.097255 0.995259 -0.000141 4.026600 0.006193 0.000746 0.999981 0.858500 0.000000 0.000000 0.000000 1.000000
0.994678 0.102882 -0.005492 0.000000 -0.102672 0.994259 0.030136 4.026600 0.008561 -0.029412 0.999531 0.858500 0.000000 0.000000 0.000000 1.000000
0.996023 0.088601 -0.009400 0.000000 -0.088229 0.995502 0.034507 4.026600 0.012415 -0.033540 0.999360 0.858500 0.000000 0.000000 0.000000 1.000000
0.997488 0.069302 -0.014686 0.000000 -0.068925 0.997313 0.024825 4.026600 0.016367 -0.023750 0.999584 0.858500 0.000000 0.000000 0.000000 1.000000
0.998229 0.056169 -0.019591 0.000000 -0.056092 0.998416 0.004456 4.026600 0.019810 -0.003349 0.999798 0.858500 0.000000 0.000000 0.000000 1.000000
0.998456 0.050629 -0.022869 0.000000 -0.050935 0.998617 -0.013007 4.026600 0.022179 0.014151 0.999654 0.858500 0.000000 0.000000 0.000000 1.000000
0.998532 0.048406 -0.024299 -0.000000 -0.048881 0.998617 -0.019353 4.026600 0.023329 0.020512 0.999517 0.858500 0.000000 0.000000 0.000000 1.000000
0.998718 0.044441 -0.024225 0.000000 -0.044932 0.998787 -0.020122 4.026600 0.023301 0.021185 0.999504 0.858500 0.000000 0.000000 0.000000 1.000000
0.999084 0.036001 -0.023121 -0.000000 -0.036560 0.999037 -0.024249 4.026600 0.022225 0.025072 0.999439 0.858500 0.000000 0.000000 0.000000 1.000000
0.999455 0.025081 -0.021482 0.000000 -0.025776 0.999133 -0.032703 4.026600 0.020643 0.033239 0.999234 0.858500 0.000000 0.000000 0.000000 1.000000
0.999695 0.014690 -0.019872 -0.000000 -0.015505 0.999016 -0.041542 4.026600 0.019242 0.041837 0.998939 0.858500 0.000000 0.000000 0.000000 1.000000
0.999803 0.007931 -0.018216 -0.000000 -0.008842 0.998685 -0.050507 4.026600 0.017791 0.050658 0.998558 0.858500 0.000000 0.000000 0.000000 1.000000
0.999853 0.007910 -0.015237 -0.000000 -0.008803 0.998194 -0.059419 4.026600 0.014740 0.059544 0.998117 0.858500 0.000000 0.000000 0.000000 1.000000
0.999844 0.014793 -0.009668 0.000000 -0.015425 0.997496 -0.069020 4.026600 0.008622 0.069158 0.997568 0.858500 0.000000 0.000000 0.000000 1.000000
0.999803 0.019670 -0.002520 -0.000000 -0.019806 0.996841 -0.076908 4.026600 0.000999 0.076943 0.997035 0.858500 0.000000 0.000000 0.000000 1.000000
0.999964 0.007548 0.003964 0.000000 -0.007210 0.996823 -0.079325 4.026600 -0.004550 0.079293 0.996841 0.858500 0.000000 0.000000 0.000000 1.000000
0.999779 -0.018139 0.010626 -0.000000 0.018944 0.996510 -0.081299 4.026600 -0.009114 0.081482 0.996633 0.858500 0.000000 0.000000 0.000000 1.000000
0.999259 -0.033695 0.018593 0.000000 0.035199 0.995537 -0.087560 4.026600 -0.015560 0.088150 0.995986 0.858500 0.000000 0.000000 0.000000 1.000000
0.999260 -0.029259 0.024972 0.000000 0.031470 0.995142 -0.093288 4.026600 -0.022121 0.094005 0.995326 0.858500 0.000000 0.000000 0.000000 1.000000
