<?xml version="1.0" encoding="utf-8"?>
<COLLADA xmlns="http://www.collada.org/2005/11/COLLADASchema" version="1.4.1">
  <asset><contributor><author>Mixamo</author><authoring_tool>COLLADA Mixamo exporter</authoring_tool><comments></comments></contributor><created>2018-12-08T13:51:24Z</created><modified>2018-12-08T13:51:24Z</modified><revision></revision><title></title><unit meter="0.010000"/><up_axis>Y_UP</up_axis></asset>
  <library_animations>
    <animation id="swat_Hips-anim" name="swat_Hips"><source id="swat_Hips-Matrix-animation-input"><float_array id="swat_Hips-Matrix-animation-input-array" count="22">

0.000000 0.033333 0.066667 0.100000 0.133333 0.166667 0.200000 0.233333 0.266667 0.300000 0.333333 0.366667 0.400000 0.433333 0.466667 0.500000
0.533333 0.566667 0.600000 0.633333 0.666667 0.700000</float_array><technique_common><accessor source="#swat_Hips-Matrix-animation-input-array" count="22"><param name="TIME" type="float"/></accessor></technique_common></source><source id="swat_Hips-Matrix-animation-output-transform"><float_array id="swat_Hips-Matrix-animation-output-transform-array" count="352">

0.996278 0.083854 -0.019981 0.066330 -0.086145 0.976901 -0.195559 84.765617 0.003121 0.196552 0.980488 -0.492462 0.000000 0.000000 0.000000 1.000000
0.999463 0.015405 -0.028932 0.336682 -0.019972 0.986112 -0.164876 85.445534 0.025990 0.165366 0.985890 13.555758 0.000000 0.000000 0.000000 1.000000
0.996886 -0.074033 -0.027162 0.377042 0.068177 0.982217 -0.174933 87.543579 0.039630 0.172537 0.984206 27.766851 0.000000 0.000000 0.000000 1.000000
0.983427 -0.181294 -0.002048 0.383406 0.177943 0.967288 -0.180804 89.312660 0.034759 0.177443 0.983517 41.846050 0.000000 0.000000 0.000000 1.000000
0.979456 -0.198917 0.033141 0.337604 0.201597 0.961745 -0.185489 91.126869 0.005024 0.188359 0.982087 55.703297 0.000000 0.000000 0.000000 1.000000
0.988864 -0.143011 0.041190 0.197821 0.148285 0.970330 -0.190972 91.704605 -0.012657 0.194953 0.980731 69.397476 0.000000 0.000000 0.000000 1.000000
0.994835 -0.095416 0.034631 0.092110 0.099639 0.983082 -0.153696 91.416992 -0.019380 0.156353 0.987511 82.791702 0.000000 0.000000 0.000000 1.000000
0.996748 -0.038286 0.070905 0.060184 0.047512 0.989925 -0.133380 90.186989 -0.065084 0.136315 0.988525 96.440331 0.000000 0.000000 0.000000 1.000000
0.995295 -0.021535 0.094471 -0.040517 0.034748 0.989467 -0.140528 87.872673 -0.090449 0.143149 0.985559 110.342941 0.000000 0.000000 0.000000 1.000000
0.995622 -0.028838 0.088914 -0.253844 0.043963 0.983912 -0.173163 86.153984 -0.082490 0.176314 0.980872 124.451004 0.000000 0.000000 0.000000 1.000000
0.996802 -0.034360 0.072149 -0.975647 0.047114 0.981930 -0.183284 84.426529 -0.064548 0.186097 0.980409 138.556747 0.000000 0.000000 0.000000 1.000000
0.997200 0.018353 0.072500 -1.827329 -0.004866 0.983291 -0.181976 84.486000 -0.074629 0.181113 0.980627 152.629745 0.000000 0.000000 0.000000 1.000000
0.993680 0.076256 0.082373 -1.875055 -0.059754 0.980555 -0.186924 86.240082 -0.095025 0.180821 0.978915 166.719315 0.000000 0.000000 0.000000 1.000000
0.993565 0.106790 0.037739 -1.656346 -0.098065 0.977809 -0.185131 88.806496 -0.056672 0.180239 0.981989 180.749374 0.000000 0.000000 0.000000 1.000000
0.992284 0.123807 0.006735 -1.163801 -0.120581 0.976230 -0.180095 90.567268 -0.028872 0.177893 0.983626 194.550003 0.000000 0.000000 0.000000 1.000000
0.998019 0.059906 0.019209 -1.033444 -0.055892 0.984488 -0.166313 91.664574 -0.028875 0.164910 0.985886 208.179382 0.000000 0.000000 0.000000 1.000000
0.998402 -0.052718 0.020360 -1.111332 0.055063 0.988547 -0.140508 91.980797 -0.012719 0.141405 0.989870 221.800797 0.000000 0.000000 0.000000 1.000000
0.998420 -0.056037 0.004249 -1.113971 0.056145 0.991331 -0.118791 91.380409 0.002445 0.118842 0.992910 235.304077 0.000000 0.000000 0.000000 1.000000
0.999328 -0.020156 -0.030623 -0.898927 0.016523 0.993274 -0.114602 89.891563 0.032727 0.114019 0.992939 249.037384 0.000000 0.000000 0.000000 1.000000
0.998305 0.044577 -0.037425 -0.390092 -0.048986 0.990741 -0.126620 87.703156 0.031434 0.128238 0.991245 263.005096 0.000000 0.000000 0.000000 1.000000
0.996133 0.085415 -0.020565 -0.186609 -0.087670 0.981598 -0.169645 85.777473 0.005696 0.170792 0.985291 277.103027 0.000000 0.000000 0.000000 1.000000
0.996278 0.083854 -0.019981 0.066329 -0.086145 0.976901 -0.195559 84.765625 0.003121 0.196552 0.980488 291.249390 0.000000 0.000000 0.000000 1.000000</float_array><technique_common><accessor source="#swat_Hips-Matrix-animation-output-transform-array" count="22" stride="16"><param type="float4x4"/></accessor></technique_common></source><source id="swat_Hips-Interpolations"><Name_array id="swat_Hips-Interpolations-array" count="22">
 LINEAR LINEAR LINEAR LINEAR LINEAR LINEAR LINEAR LINEAR LINEAR LINEAR LINEAR
LINEAR LINEAR LINEAR LINEAR LINEAR LINEAR LINEAR LINEAR LINEAR LINEAR LINEAR</Name_array><technique_common><accessor source="#swat_Hips-Interpolations-array" count="22"><param type="name"/></accessor></technique_common></source><sampler id="swat_Hips-Matrix-animation-transform"><input semantic="INPUT" source="#swat_Hips-Matrix-animation-input"/><input semantic="OUTPUT" source="#swat_Hips-Matrix-animation-output-transform"/><input semantic="INTERPOLATION" source="#swat_Hips-Interpolations"/></sampler><channel source="#swat_Hips-Matrix-animation-transform" target="swat_Hips/matrix"/></animation>
    <animation id="swat_Spine-anim" name="swat_Spine"><source id="swat_Spine-Matrix-animation-input"><float_array id="swat_Spine-Matrix-animation-input-array" count="22">

0.000000 0.033333 0.066667 0.100000 0.133333 0.166667 0.200000 0.233333 0.266667 0.300000 0.333333 0.366667 0.400000 0.433333 0.466667 0.500000
0.533333 0.566667 0.600000 0.633333 0.666667 0.700000</float_array><technique_common><accessor source="#swat_Spine-Matrix-animation-input-array" count="22"><param name="TIME" type="float"/></accessor></technique_common></source><source id="swat_Spine-Matrix-animation-output-transform"><float_array id="swat_Spine-Matrix-animation-output-transform-array" count="352">

0.992317 -0.120802 0.026704 0.000000 0.123613 0.976990 -0.173808 9.226300 -0.005093 0.175774 0.984417 1.577100 0.000000 0.000000 0.000000 1.000000
0.993119 -0.034534 0.111901 0.000000 0.054853 0.981406 -0.183939 9.226300 -0.103468 0.188812 0.976547 1.577100 0.000000 0.000000 0.000000 1.000000
0.983980 0.075057 0.161709 0.000000 -0.046933 0.984118 -0.171197 9.226300 -0.171990 0.160865 0.971875 1.577100 0.000000 0.000000 0.000000 1.000000
0.958858 0.210629 0.190332 0.000000 -0.177834 0.968263 -0.175620 9.226300 -0.221282 0.134547 0.965884 1.577100 0.000000 0.000000 0.000000 1.000000
0.942178 0.238633 0.235276 -0.000000 -0.204646 0.965681 -0.159939 9.226300 -0.265368 0.102543 0.958679 1.577100 0.000000 0.000000 0.000000 1.000000
0.944089 0.185868 0.272302 -0.000000 -0.155485 0.979327 -0.129394 9.226300 -0.290723 0.079821 0.953472 1.577100 0.000000 0.000000 0.000000 1.000000
0.958124 0.133317 0.253425 0.000000 -0.103345 0.986354 -0.128165 9.226300 -0.267053 0.096608 0.958827 1.577100 0.000000 0.000000 0.000000 1.000000
0.984434 0.056118 0.166553 0.000000 -0.036556 0.992308 -0.118274 9.226300 -0.171909 0.110345 0.978913 1.577100 0.000000 0.000000 0.000000 1.000000
0.996668 0.028216 0.076532 0.000000 -0.019358 0.993279 -0.114118 9.226300 -0.079237 0.112256 0.990515 1.577100 0.000000 0.000000 0.000000 1.000000
0.999462 0.032799 0.000000 -0.000000 -0.032532 0.991328 -0.127321 9.226300 -0.004176 0.127252 0.991862 1.577100 0.000000 0.000000 0.000000 1.000000
0.996357 0.050411 -0.068783 -0.000000 -0.060117 0.987270 -0.147252 9.226300 0.060484 0.150851 0.986705 1.577100 0.000000 0.000000 0.000000 1.000000
0.990918 -0.004743 -0.134383 0.000000 -0.017192 0.986706 -0.161601 9.226300 0.133363 0.162443 0.977664 1.577100 0.000000 0.000000 0.000000 1.000000
0.975910 -0.071346 -0.206176 0.000000 0.034939 0.983930 -0.175105 9.226300 0.215356 0.163683 0.962720 1.577100 0.000000 0.000000 0.000000 1.000000
0.960637 -0.110457 -0.254902 0.000000 0.066687 0.982415 -0.174393 9.226300 0.269683 0.150530 0.951111 1.577100 0.000000 0.000000 0.000000 1.000000
0.934054 -0.153570 -0.322429 0.000000 0.099637 0.979034 -0.177664 9.226300 0.342952 0.133822 0.929772 1.577100 0.000000 0.000000 0.000000 1.000000
0.914104 -0.086118 -0.396228 -0.000000 0.029062 0.988588 -0.147817 9.226300 0.404436 0.123605 0.906175 1.577100 0.000000 0.000000 0.000000 1.000000
0.904857 0.049749 -0.422799 0.000000 -0.097581 0.990944 -0.092239 9.226300 0.414382 0.124720 0.901517 1.577100 0.000000 0.000000 0.000000 1.000000
0.920322 0.050477 -0.387892 0.000000 -0.103749 0.987622 -0.117637 9.226300 0.377153 0.148507 0.914167 1.577100 0.000000 0.000000 0.000000 1.000000
0.950046 0.010023 -0.311950 0.000000 -0.061071 0.986134 -0.154305 9.226300 0.306078 0.165648 0.937484 1.577100 0.000000 0.000000 0.000000 1.000000
0.976921 -0.079252 -0.198354 0.000000 0.042655 0.982300 -0.182393 9.226300 0.209298 0.169723 0.963010 1.577100 0.000000 0.000000 0.000000 1.000000
0.986926 -0.133177 -0.090783 0.000000 0.115184 0.976769 -0.180705 9.226300 0.112739 0.167886 0.979339 1.577100 0.000000 0.000000 0.000000 1.000000
0.992317 -0.120802 0.026704 0.000000 0.123613 0.976990 -0.173809 9.226300 -0.005093 0.175774 0.984417 1.577100 0.000000 0.000000 0.000000 1.000000</float_array><technique_common><accessor source="#swat_Spine-Matrix-animation-output-transform-array" count="22" stride="16"><param type="float4x4"/></accessor></technique_common></source><source id="swat_Spine-Interpolations"><Name_array id="swat_Spine-Interpolations-array" count="22">
 LINEAR LINEAR LINEAR LINEAR LINEAR LINEAR LINEAR LINEAR LINEAR LINEAR LINEAR
LINEAR LINEAR LINEAR LINEAR LINEAR LINEAR LINEAR LINEAR LINEAR LINEAR LINEAR</Name_array><technique_common><accessor source="#swat_Spine-Interpolations-array" count="22"><param type="name"/></accessor></technique_common></source><sampler id="swat_Spine-Matrix-animation-transform"><input semantic="INPUT" source="#swat_Spine-Matrix-animation-input"/><input semantic="OUTPUT" source="#swat_Spine-Matrix-animation-output-transform"/><input semantic="INTERPOLATION" source="#swat_Spine-Interpolations"/></sampler><channel source="#swat_Spine-Matrix-animation-transform" target="swat_Spine/matrix"/></animation>
    <animation id="swat_Spine1-anim" name="swat_Spine1"><source id="swat_Spine1-Matrix-animation-input"><float_array id="swat_Spine1-Matrix-animation-input-array" count="22">

0.000000 0.033333 0.066667 0.100000 0.133333 0.166667 0.200000 0.233333 0.266667 0.300000 0.333333 0.366667 0.400000 0.433333 0.466667 0.500000
0.533333 0.566667 0.600000 0.633333 0.666667 0.700000</float_array><technique_common><accessor source="#swat_Spine1-Matrix-animation-input-array" count="22"><param name="TIME" type="float"/></accessor></technique_common></source><source id="swat_Spine1-Matrix-animation-output-transform"><float_array id="swat_Spine1-Matrix-animation-output-transform-array" count="352">

0.999960 -0.008875 -0.000820 0.000000 0.008840 0.999334 -0.035407 16.254000 0.001134 0.035399 0.999373 -0.165600 0.000000 0.000000 0.000000 1.000000
0.998894 -0.003232 0.046910 -0.000000 0.005237 0.999075 -0.042681 16.254000 -0.046729 0.042879 0.997987 -0.165600 0.000000 0.000000 0.000000 1.000000
0.997285 0.002259 0.073605 -0.000000 0.000056 0.999506 -0.031434 16.254000 -0.073639 0.031352 0.996792 -0.165600 0.000000 0.000000 0.000000 1.000000
0.996321 0.008578 0.085270 0.000000 -0.006786 0.999751 -0.021280 16.254000 -0.085432 0.020623 0.996131 -0.165600 0.000000 0.000000 0.000000 1.000000
0.995111 0.013508 0.097832 0.000000 -0.012724 0.999882 -0.008636 16.254000 -0.097937 0.007349 0.995165 -0.165600 0.000000 0.000000 0.000000 1.000000
0.994503 0.007546 0.104432 0.000000 -0.007876 0.999965 0.002747 16.254000 -0.104407 -0.003554 0.994528 -0.165600 0.000000 0.000000 0.000000 1.000000
0.995413 0.006126 0.095471 0.000000 -0.005919 0.999979 -0.002452 16.254000 -0.095484 0.001875 0.995429 -0.165600 0.000000 0.000000 0.000000 1.000000
0.997215 0.011307 0.073725 -0.000000 -0.010929 0.999925 -0.005527 16.254000 -0.073782 0.004705 0.997263 -0.165600 0.000000 0.000000 0.000000 1.000000
0.998581 0.018571 0.049914 0.000000 -0.018372 0.999821 -0.004452 16.254000 -0.049988 0.003529 0.998744 -0.165600 0.000000 0.000000 0.000000 1.000000
0.999557 0.024313 0.017183 0.000000 -0.024212 0.999689 -0.006041 16.254000 -0.017324 0.005622 0.999834 -0.165600 0.000000 0.000000 0.000000 1.000000
0.999545 0.023977 -0.018274 0.000000 -0.024151 0.999665 -0.009336 16.254000 0.018044 0.009773 0.999789 -0.165600 0.000000 0.000000 0.000000 1.000000
0.998369 0.015404 -0.054978 0.000000 -0.016184 0.999774 -0.013772 16.254000 0.054754 0.014639 0.998393 -0.165600 0.000000 0.000000 0.000000 1.000000
0.995126 0.004823 -0.098497 -0.000000 -0.006521 0.999835 -0.016927 16.254000 0.098400 0.017487 0.994993 -0.165600 0.000000 0.000000 0.000000 1.000000
0.991928 -0.003529 -0.126751 -0.000000 0.001920 0.999916 -0.012821 16.254000 0.126786 0.012474 0.991852 -0.165600 0.000000 0.000000 0.000000 1.000000
0.989353 -0.004775 -0.145460 0.000000 0.003611 0.999959 -0.008266 16.254000 0.145494 0.007653 0.989330 -0.165600 0.000000 0.000000 0.000000 1.000000
0.988340 -0.002099 -0.152246 0.000000 0.000996 0.999973 -0.007325 16.254000 0.152257 0.007088 0.988316 -0.165600 0.000000 0.000000 0.000000 1.000000
0.987483 0.004311 -0.157667 0.000000 -0.005535 0.999958 -0.007326 16.254000 0.157629 0.008107 0.987465 -0.165600 0.000000 0.000000 0.000000 1.000000
0.988254 0.012581 -0.152302 0.000000 -0.015188 0.999757 -0.015971 16.254000 0.152064 0.018096 0.988205 -0.165600 0.000000 0.000000 0.000000 1.000000
0.991430 0.003075 -0.130605 -0.000000 -0.006721 0.999600 -0.027484 16.254000 0.130468 0.028126 0.991053 -0.165600 0.000000 0.000000 0.000000 1.000000
0.995155 -0.005722 -0.098150 -0.000000 0.002726 0.999527 -0.030635 16.254000 0.098279 0.030219 0.994700 -0.165600 0.000000 0.000000 0.000000 1.000000
0.998329 -0.006704 -0.057397 0.000000 0.004925 0.999505 -0.031080 16.254000 0.057577 0.030745 0.997868 -0.165600 0.000000 0.000000 0.000000 1.000000
0.999960 -0.008875 -0.000820 0.000000 0.008840 0.999334 -0.035407 16.254000 0.001134 0.035399 0.999373 -0.165600 0.000000 0.000000 0.000000 1.000000</float_array><technique_common><accessor source="#swat_Spine1-Matrix-animation-output-transform-array" count="22" stride="16"><param type="float4x4"/></accessor></technique_common></source><source id="swat_Spine1-Interpolations"><Name_array id="swat_Spine1-Interpolations-array" count="22">
 LINEAR LINEAR LINEAR LINEAR LINEAR LINEAR LINEAR LINEAR LINEAR LINEAR LINEAR
LINEAR LINEAR LINEAR LINEAR LINEAR LINEAR LINEAR LINEAR LINEAR LINEAR LINEAR</Name_array><technique_common><accessor source="#swat_Spine1-Interpolations-array" count="22"><param type="name"/></accessor></technique_common></source><sampler id="swat_Spine1-Matrix-animation-transform"><input semantic="INPUT" source="#swat_Spine1-Matrix-animation-input"/><input semantic="OUTPUT" source="#swat_Spine1-Matrix-animation-output-transform"/><input semantic="INTERPOLATION" source="#swat_Spine1-Interpolations"/></sampler><channel source="#swat_Spine1-Matrix-animation-transform" target="swat_Spine1/matrix"/></animation>
    <animation id="swat_Spine2-anim" name="swat_Spine2"><source id="swat_Spine2-Matrix-animation-input"><float_array id="swat_Spine2-Matrix-animation-input-array" count="22">

0.000000 0.033333 0.066667 0.100000 0.133333 0.166667 0.200000 0.233333 0.266667 0.300000 0.333333 0.366667 0.400000 0.433333 0.466667 0.500000
0.533333 0.566667 0.600000 0.633333 0.666667 0.700000</float_array><technique_common><accessor source="#swat_Spine2-Matrix-animation-input-array" count="22"><param name="TIME" type="float"/></accessor></technique_common></source><source id="swat_Spine2-Matrix-animation-output-transform"><float_array id="swat_Spine2-Matrix-animation-output-transform-array" count="352">

0.999994 -0.003256 -0.000917 0.000000 0.003164 0.996209 -0.086933 13.639600 0.001196 0.086930 0.996214 -1.292300 0.000000 0.000000 0.000000 1.000000
0.998873 0.002795 0.047388 0.000000 0.001672 0.995574 -0.093966 13.639600 -0.047441 0.093940 0.994447 -1.292300 0.000000 0.000000 0.000000 1.000000
0.997187 0.008486 0.074473 -0.000000 -0.002387 0.996663 -0.081596 13.639600 -0.074917 0.081189 0.993879 -1.292300 0.000000 0.000000 0.000000 1.000000
0.996159 0.015207 0.086229 0.000000 -0.009177 0.997511 -0.069907 13.639600 -0.087078 0.068848 0.993820 -1.292300 0.000000 0.000000 0.000000 1.000000
0.994934 0.020756 0.098368 0.000000 -0.015252 0.998293 -0.056376 13.639600 -0.099370 0.054590 0.993552 -1.292300 0.000000 0.000000 0.000000 1.000000
0.994388 0.014924 0.104732 0.000000 -0.010225 0.998923 -0.045256 13.639600 -0.105295 0.043931 0.993470 -1.292300 0.000000 0.000000 0.000000 1.000000
0.995305 0.013776 0.095798 0.000000 -0.008851 0.998626 -0.051646 13.639600 -0.096378 0.050556 0.994060 -1.292300 0.000000 0.000000 0.000000 1.000000
0.997089 0.018863 0.073875 0.000000 -0.014730 0.998317 -0.056096 13.639600 -0.074809 0.054845 0.995689 -1.292300 0.000000 0.000000 0.000000 1.000000
0.998431 0.025587 0.049803 0.000000 -0.022809 0.998194 -0.055565 13.639600 -0.051135 0.054342 0.997212 -1.292300 0.000000 0.000000 0.000000 1.000000
0.999396 0.030387 0.016872 0.000000 -0.029376 0.997927 -0.057263 13.639600 -0.018577 0.056733 0.998217 -1.292300 0.000000 0.000000 0.000000 1.000000
0.999401 0.028848 -0.019107 0.000000 -0.029958 0.997710 -0.060644 13.639600 0.017313 0.061180 0.997977 -1.292300 0.000000 0.000000 0.000000 1.000000
0.998278 0.018613 -0.055627 -0.000000 -0.022218 0.997644 -0.064900 13.639600 0.054288 0.066024 0.996340 -1.292300 0.000000 0.000000 0.000000 1.000000
0.995094 0.007221 -0.098675 0.000000 -0.013927 0.997626 -0.067437 13.639600 0.097954 0.068480 0.992832 -1.292300 0.000000 0.000000 0.000000 1.000000
0.991917 -0.001665 -0.126881 -0.000000 -0.006278 0.998045 -0.062177 13.639600 0.126737 0.062471 0.989967 -1.292300 0.000000 0.000000 0.000000 1.000000
0.989318 -0.002574 -0.145748 0.000000 -0.005605 0.998433 -0.055681 13.639600 0.145663 0.055903 0.987754 -1.292300 0.000000 0.000000 0.000000 1.000000
0.988360 0.000606 -0.152135 0.000000 -0.009045 0.998457 -0.054786 13.639600 0.151867 0.055524 0.986840 -1.292300 0.000000 0.000000 0.000000 1.000000
0.987502 0.007666 -0.157422 0.000000 -0.016625 0.998310 -0.055676 13.639600 0.156729 0.057598 0.985961 -1.292300 0.000000 0.000000 0.000000 1.000000
0.988177 0.016654 -0.152413 0.000000 -0.026664 0.997602 -0.063868 13.639600 0.150984 0.067177 0.986251 -1.292300 0.000000 0.000000 0.000000 1.000000
0.991366 0.007585 -0.130902 0.000000 -0.017632 0.996970 -0.075768 13.639600 0.129931 0.077422 0.988496 -1.292300 0.000000 0.000000 0.000000 1.000000
0.995136 -0.000900 -0.098505 -0.000000 -0.006993 0.996790 -0.079752 13.639600 0.098261 0.080053 0.991936 -1.292300 0.000000 0.000000 0.000000 1.000000
0.998328 -0.001264 -0.057783 0.000000 -0.003451 0.996674 -0.081421 13.639600 0.057693 0.081484 0.995003 -1.292300 0.000000 0.000000 0.000000 1.000000
0.999994 -0.003256 -0.000917 0.000000 0.003164 0.996209 -0.086933 13.639600 0.001196 0.086930 0.996214 -1.292300 0.000000 0.000000 0.000000 1.000000</float_array><technique_common><accessor source="#swat_Spine2-Matrix-animation-output-transform-array" count="22" stride="16"><param type="float4x4"/></accessor></technique_common></source><source id="swat_Spine2-Interpolations"><Name_array id="swat_Spine2-Interpolations-array" count="22">
 LINEAR LINEAR LINEAR LINEAR LINEAR LINEAR LINEAR LINEAR LINEAR LINEAR LINEAR
LINEAR LINEAR LINEAR LINEAR LINEAR LINEAR LINEAR LINEAR LINEAR LINEAR LINEAR</Name_array><technique_common><accessor source="#swat_Spine2-Interpolations-array" count="22"><param type="name"/></accessor></technique_common></source><sampler id="swat_Spine2-Matrix-animation-transform"><input semantic="INPUT" source="#swat_Spine2-Matrix-animation-input"/><input semantic="OUTPUT" source="#swat_Spine2-Matrix-animation-output-transform"/><input semantic="INTERPOLATION" source="#swat_Spine2-Interpolations"/></sampler><channel source="#swat_Spine2-Matrix-animation-transform" target="swat_Spine2/matrix"/></animation>
    <animation id="swat_Neck-anim" name="swat_Neck"><source id="swat_Neck-Matrix-animation-input"><float_array id="swat_Neck-Matrix-animation-input-array" count="22">

0.000000 0.033333 0.066667 0.100000 0.133333 0.166667 0.200000 0.233333 0.266667 0.300000 0.333333 0.366667 0.400000 0.433333 0.466667 0.500000
0.533333 0.566667 0.600000 0.633333 0.666667 0.700000</float_array><technique_common><accessor source="#swat_Neck-Matrix-animation-input-array" count="22"><param name="TIME" type="float"/></accessor></technique_common></source><source id="swat_Neck-Matrix-animation-output-transform"><float_array id="swat_Neck-Matrix-animation-output-transform-array" count="352">

0.999997 0.002343 0.001150 0.000000 -0.002373 0.999640 0.026711 13.877400 -0.001087 -0.026713 0.999643 -4.354200 0.000000 0.000000 0.000000 1.000000
0.999925 0.001223 -0.012183 0.000000 -0.000944 0.999737 0.022905 13.877400 0.012208 -0.022892 0.999663 -4.354200 0.000000 0.000000 0.000000 1.000000
0.999795 0.009967 -0.017651 0.000000 -0.009669 0.999811 0.016873 13.877400 0.017816 -0.016699 0.999702 -4.354200 0.000000 0.000000 0.000000 1.000000
0.999719 -0.000287 -0.023719 0.000000 0.000667 0.999871 0.016019 13.877400 0.023711 -0.016030 0.999590 -4.354200 0.000000 0.000000 0.000000 1.000000
0.999584 -0.000447 -0.028836 0.000000 0.000746 0.999946 0.010379 13.877400 0.028830 -0.010396 0.999530 -4.354200 0.000000 0.000000 0.000000 1.000000
0.999518 0.011313 -0.028920 0.000000 -0.011228 0.999932 0.003115 13.877400 0.028953 -0.002789 0.999577 -4.354200 0.000000 0.000000 0.000000 1.000000
0.999622 0.007019 -0.026588 0.000000 -0.006914 0.999968 0.004017 13.877400 0.026615 -0.003831 0.999638 -4.354200 0.000000 0.000000 0.000000 1.000000
0.999775 0.005946 -0.020348 -0.000000 -0.005846 0.999971 0.004941 13.877400 0.020377 -0.004821 0.999781 -4.354200 0.000000 0.000000 0.000000 1.000000
0.999907 0.004748 -0.012764 0.000000 -0.004649 0.999959 0.007770 13.877400 0.012800 -0.007710 0.999888 -4.354200 0.000000 0.000000 0.000000 1.000000
0.999989 0.000394 -0.004661 0.000000 -0.000304 0.999817 0.019104 13.877400 0.004667 -0.019102 0.999807 -4.354200 0.000000 0.000000 0.000000 1.000000
0.999933 -0.010808 0.004034 0.000000 0.010705 0.999640 0.024596 13.877400 -0.004299 -0.024551 0.999689 -4.354200 0.000000 0.000000 0.000000 1.000000
0.999887 -0.004010 0.014511 0.000000 0.003749 0.999832 0.017963 13.877400 -0.014580 -0.017906 0.999733 -4.354200 0.000000 0.000000 0.000000 1.000000
0.999611 -0.016058 0.022784 -0.000000 0.015732 0.999772 0.014421 13.877400 -0.023010 -0.014057 0.999636 -4.354200 0.000000 0.000000 0.000000 1.000000
0.999360 -0.012923 0.033362 -0.000000 0.012408 0.999802 0.015580 13.877400 -0.033557 -0.015156 0.999322 -4.354200 0.000000 0.000000 0.000000 1.000000
0.999026 -0.000097 0.044135 0.000000 -0.000751 0.999815 0.019201 13.877400 -0.044129 -0.019215 0.998841 -4.354200 0.000000 0.000000 0.000000 1.000000
0.998866 -0.006623 0.047139 0.000000 0.005984 0.999888 0.013683 13.877400 -0.047225 -0.013386 0.998795 -4.354200 0.000000 0.000000 0.000000 1.000000
0.998706 -0.021140 0.046248 -0.000000 0.020964 0.999771 0.004294 13.877400 -0.046328 -0.003318 0.998921 -4.354200 0.000000 0.000000 0.000000 1.000000
0.998694 -0.025566 0.044230 0.000000 0.025318 0.999660 0.006160 13.877400 -0.044373 -0.005032 0.999002 -4.354200 0.000000 0.000000 0.000000 1.000000
0.999058 -0.015604 0.040503 0.000000 0.014971 0.999762 0.015872 13.877400 -0.040741 -0.015251 0.999053 -4.354200 0.000000 0.000000 0.000000 1.000000
0.999458 -0.000717 0.032904 -0.000000 -0.000086 0.999702 0.024396 13.877400 -0.032912 -0.024386 0.999161 -4.354200 0.000000 0.000000 0.000000 1.000000
0.999815 0.003075 0.018962 0.000000 -0.003567 0.999657 0.025964 13.877400 -0.018875 -0.026027 0.999483 -4.354200 0.000000 0.000000 0.000000 1.000000
0.999997 0.002343 0.001150 0.000000 -0.002373 0.999640 0.026710 13.877400 -0.001087 -0.026713 0.999643 -4.354200 0.000000 0.000000 0.000000 1.000000</float_array><technique_common><accessor source="#swat_Neck-Matrix-animation-output-transform-array" count="22" stride="16"><param type="float4x4"/></accessor></technique_common></source><source id="swat_Neck-Interpolations"><Name_array id="swat_Neck-Interpolations-array" count="22">
 LINEAR LINEAR LINEAR LINEAR LINEAR LINEAR LINEAR LINEAR LINEAR LINEAR LINEAR
LINEAR LINEAR LINEAR LINEAR LINEAR LINEAR LINEAR LINEAR LINEAR LINEAR LINEAR</Name_array><technique_common><accessor source="#swat_Neck-Interpolations-array" count="22"><param type="name"/></accessor></technique_common></source><sampler id="swat_Neck-Matrix-animation-transform"><input semantic="INPUT" source="#swat_Neck-Matrix-animation-input"/><input semantic="OUTPUT" source="#swat_Neck-Matrix-animation-output-transform"/><input semantic="INTERPOLATION" source="#swat_Neck-Interpolations"/></sampler><channel source="#swat_Neck-Matrix-animation-transform" target="swat_Neck/matrix"/></animation>
    <animation id="swat_Neck1-anim" name="swat_Neck1"><source id="swat_Neck1-Matrix-animation-input"><float_array id="swat_Neck1-Matrix-animation-input-array" count="22">

0.000000 0.033333 0.066667 0.100000 0.133333 0.166667 0.200000 0.233333 0.266667 0.300000 0.333333 0.366667 0.400000 0.433333 0.466667 0.500000
0.533333 0.566667 0.600000 0.633333 0.666667 0.700000</float_array><technique_common><accessor source="#swat_Neck1-Matrix-animation-input-array" count="22"><param name="TIME" type="float"/></accessor></technique_common></source><source id="swat_Neck1-Matrix-animation-output-transform"><float_array id="swat_Neck1-Matrix-animation-output-transform-array" count="352">

0.999997 0.002343 0.001150 -0.000000 -0.002373 0.999640 0.026708 4.340000 -0.001087 -0.026711 0.999643 0.926900 0.000000 0.000000 0.000000 1.000000
0.999925 0.001223 -0.012183 0.000000 -0.000944 0.999737 0.022905 4.340000 0.012208 -0.022892 0.999663 0.926900 0.000000 0.000000 0.000000 1.000000
0.999795 0.009967 -0.017651 0.000000 -0.009669 0.999811 0.016873 4.340000 0.017816 -0.016699 0.999702 0.926900 0.000000 0.000000 0.000000 1.000000
0.999719 -0.000287 -0.023719 -0.000000 0.000667 0.999871 0.016020 4.340000 0.023711 -0.016031 0.999590 0.926900 0.000000 0.000000 0.000000 1.000000
0.999584 -0.000447 -0.028836 0.000000 0.000746 0.999946 0.010377 4.340000 0.028830 -0.010394 0.999530 0.926900 0.000000 0.000000 0.000000 1.000000
0.999518 0.011313 -0.028920 -0.000000 -0.011228 0.999932 0.003115 4.340000 0.028953 -0.002789 0.999577 0.926900 0.000000 0.000000 0.000000 1.000000
0.999622 0.007019 -0.026587 0.000000 -0.006915 0.999968 0.004015 4.340000 0.026615 -0.003829 0.999638 0.926900 0.000000 0.000000 0.000000 1.000000
0.999775 0.005946 -0.020348 0.000000 -0.005846 0.999971 0.004942 4.340000 0.020377 -0.004821 0.999781 0.926900 0.000000 0.000000 0.000000 1.000000
0.999907 0.004748 -0.012764 0.000000 -0.004649 0.999959 0.007770 4.340000 0.012800 -0.007710 0.999888 0.926900 0.000000 0.000000 0.000000 1.000000
0.999989 0.000393 -0.004661 0.000000 -0.000304 0.999817 0.019102 4.340000 0.004667 -0.019101 0.999807 0.926900 0.000000 0.000000 0.000000 1.000000
0.999933 -0.010808 0.004034 -0.000000 0.010705 0.999640 0.024596 4.340000 -0.004299 -0.024551 0.999689 0.926900 0.000000 0.000000 0.000000 1.000000
0.999887 -0.004010 0.014511 0.000000 0.003749 0.999832 0.017963 4.340000 -0.014580 -0.017906 0.999733 0.926900 0.000000 0.000000 0.000000 1.000000
0.999611 -0.016059 0.022784 0.000000 0.015733 0.999772 0.014424 4.340000 -0.023010 -0.014060 0.999636 0.926900 0.000000 0.000000 0.000000 1.000000
0.999360 -0.012923 0.033362 0.000000 0.012408 0.999802 0.015579 4.340000 -0.033557 -0.015155 0.999322 0.926900 0.000000 0.000000 0.000000 1.000000
0.999026 -0.000097 0.044135 -0.000000 -0.000751 0.999815 0.019201 4.340000 -0.044129 -0.019215 0.998841 0.926900 0.000000 0.000000 0.000000 1.000000
0.998866 -0.006624 0.047140 -0.000000 0.005985 0.999888 0.013685 4.340000 -0.047225 -0.013388 0.998795 0.926900 0.000000 0.000000 0.000000 1.000000
0.998706 -0.021140 0.046249 -0.000000 0.020964 0.999771 0.004292 4.340000 -0.046329 -0.003317 0.998921 0.926900 0.000000 0.000000 0.000000 1.000000
0.998694 -0.025566 0.044231 0.000000 0.025318 0.999660 0.006160 4.340000 -0.044373 -0.005032 0.999002 0.926900 0.000000 0.000000 0.000000 1.000000
0.999058 -0.015603 0.040503 -0.000000 0.014971 0.999762 0.015870 4.340000 -0.040741 -0.015249 0.999053 0.926900 0.000000 0.000000 0.000000 1.000000
0.999458 -0.000717 0.032904 0.000000 -0.000086 0.999702 0.024396 4.340000 -0.032912 -0.024386 0.999161 0.926900 0.000000 0.000000 0.000000 1.000000
0.999815 0.003075 0.018962 0.000000 -0.003567 0.999657 0.025962 4.340000 -0.018875 -0.026025 0.999483 0.926900 0.000000 0.000000 0.000000 1.000000
0.999997 0.002343 0.001150 -0.000000 -0.002373 0.999640 0.026710 4.340000 -0.001087 -0.026713 0.999643 0.926900 0.000000 0.000000 0.000000 1.000000</float_array><technique_common><accessor source="#swat_Neck1-Matrix-animation-output-transform-array" count="22" stride="16"><param type="float4x4"/></accessor></technique_common></source><source id="swat_Neck1-Interpolations"><Name_array id="swat_Neck1-Interpolations-array" count="22">
 LINEAR LINEAR LINEAR LINEAR LINEAR LINEAR LINEAR LINEAR LINEAR LINEAR LINEAR
LINEAR LINEAR LINEAR LINEAR LINEAR LINEAR LINEAR LINEAR LINEAR LINEAR LINEAR</Name_array><technique_common><accessor source="#swat_Neck1-Interpolations-array" count="22"><param type="name"/></accessor></technique_common></source><sampler id="swat_Neck1-Matrix-animation-transform"><input semantic="INPUT" source="#swat_Neck1-Matrix-animation-input"/><input semantic="OUTPUT" source="#swat_Neck1-Matrix-animation-output-transform"/><input semantic="INTERPOLATION" source="#swat_Neck1-Interpolations"/></sampler><channel source="#swat_Neck1-Matrix-animation-transform" target="swat_Neck1/matrix"/></animation>
    <animation id="swat_Head-anim" name="swat_Head"><source id="swat_Head-Matrix-animation-input"><float_array id="swat_Head-Matrix-animation-input-array" count="22">

0.000000 0.033333 0.066667 0.100000 0.133333 0.166667 0.200000 0.233333 0.266667 0.300000 0.333333 0.366667 0.400000 0.433333 0.466667 0.500000
0.533333 0.566667 0.600000 0.633333 0.666667 0.700000</float_array><technique_common><accessor source="#swat_Head-Matrix-animation-input-array" count="22"><param name="TIME" type="float"/></accessor></technique_common></source><source id="swat_Head-Matrix-animation-output-transform"><float_array id="swat_Head-Matrix-animation-output-transform-array" count="352">

0.999997 0.002343 0.001150 0.000000 -0.002373 0.999640 0.026712 4.026600 -0.001087 -0.026715 0.999643 0.858500 0.000000 0.000000 0.000000 1.000000
0.999925 0.001223 -0.012183 0.000000 -0.000944 0.999737 0.022905 4.026600 0.012208 -0.022892 0.999663 0.858500 0.000000 0.000000 0.000000 1.000000
0.999795 0.009967 -0.017651 0.000000 -0.009669 0.999811 0.016873 4.026600 0.017816 -0.016699 0.999702 0.858500 0.000000 0.000000 0.000000 1.000000
0.999719 -0.000287 -0.023719 0.000000 0.000667 0.999871 0.016017 4.026600 0.023711 -0.016028 0.999590 0.858500 0.000000 0.000000 0.000000 1.000000
0.999584 -0.000446 -0.028836 0.000000 0.000746 0.999946 0.010381 4.026600 0.028829 -0.010399 0.999530 0.858500 0.000000 0.000000 0.000000 1.000000
0.999518 0.011313 -0.028920 0.000000 -0.011228 0.999932 0.003115 4.026600 0.028953 -0.002789 0.999577 0.858500 0.000000 0.000000 0.000000 1.000000
0.999622 0.007019 -0.026587 0.000000 -0.006914 0.999968 0.004018 4.026600 0.026615 -0.003833 0.999638 0.858500 0.000000 0.000000 0.000000 1.000000
0.999775 0.005946 -0.020348 0.000000 -0.005846 0.999971 0.004942 4.026600 0.020377 -0.004822 0.999781 0.858500 0.000000 0.000000 0.000000 1.000000
0.999907 0.004748 -0.012764 -0.000000 -0.004649 0.999959 0.007770 4.026600 0.012800 -0.007710 0.999888 0.858500 0.000000 0.000000 0.000000 1.000000
0.999989 0.000393 -0.004661 0.000000 -0.000304 0.999817 0.019106 4.026600 0.004667 -0.019104 0.999807 0.858500 0.000000 0.000000 0.000000 1.000000
0.999933 -0.010808 0.004034 -0.000000 0.010705 0.999640 0.024596 4.026600 -0.004299 -0.024551 0.999689 0.858500 0.000000 0.000000 0.000000 1.000000
0.999887 -0.004010 0.014511 0.000000 0.003749 0.999832 0.017962 4.026600 -0.014580 -0.017906 0.999733 0.858500 0.000000 0.000000 0.000000 1.000000
0.999611 -0.016057 0.022784 0.000000 0.015731 0.999772 0.014418 4.026600 -0.023011 -0.014054 0.999636 0.858500 0.000000 0.000000 0.000000 1.000000
0.999360 -0.012923 0.033362 0.000000 0.012408 0.999802 0.015580 4.026600 -0.033557 -0.015156 0.999322 0.858500 0.000000 0.000000 0.000000 1.000000
0.999026 -0.000097 0.044135 0.000000 -0.000751 0.999815 0.019201 4.026600 -0.044129 -0.019215 0.998841 0.858500 0.000000 0.000000 0.000000 1.000000
0.998866 -0.006623 0.047140 0.000000 0.005984 0.999888 0.013682 4.026600 -0.047225 -0.013384 0.998795 0.858500 0.000000 0.000000 0.000000 1.000000
0.998706 -0.021141 0.046248 0.000000 0.020965 0.999771 0.004296 4.026600 -0.046329 -0.003321 0.998921 0.858500 0.000000 0.000000 0.000000 1.000000
0.998694 -0.025566 0.044230 -0.000000 0.025318 0.999660 0.006159 4.026600 -0.044373 -0.005032 0.999002 0.858500 0.000000 0.000000 0.000000 1.000000
0.999058 -0.015604 0.040503 -0.000000 0.014971 0.999762 0.015874 4.026600 -0.040741 -0.015253 0.999053 0.858500 0.000000 0.000000 0.000000 1.000000
0.999458 -0.000717 0.032904 0.000000 -0.000086 0.999702 0.024396 4.026600 -0.032912 -0.024386 0.999161 0.858500 0.000000 0.000000 0.000000 1.000000
0.999815 0.003075 0.018962 0.000000 -0.003567 0.999656 0.025966 4.026600 -0.018875 -0.026028 0.999483 0.858500 0.000000 0.000000 0.000000 1.000000
0.999997 0.002343 0.001150 -0.000000 -0.002373 0.999640 0.026710 4.026600 -0.001087 -0.026713 0.999643 0.858500 0.000000 0.000000 0.000000 1.000000</float_array><technique_common><accessor source="#swat_Head-Matrix-animation-output-transform-array" count="22" stride="16"><param type="float4x4"/></accessor></technique_common></source><source id="swat_Head-Interpolations"><Name_array id="swat_Head-Interpolations-array" count="22">
 LINEAR LINEAR LINEAR LINEAR LINEAR LINEAR LINEAR LINEAR LINEAR LINEAR LINEAR
LINEAR LINEAR LINEAR LINEAR LINEAR LINEAR LINEAR LINEAR LINEAR LINEAR LINEAR</Name_array><technique_common><accessor source="#swat_Head-Interpolations-array" count="22"><param type="name"/></accessor></technique_common></source><sampler id="swat_Head-Matrix-animation-transform"><input semantic="INPUT" source="#swat_Head-Matrix-animation-input"/><input semantic="OUTPUT" source="#swat_Head-Matrix-animation-output-transform"/><input semantic="INTERPOLATION" source="#swat_Head-Interpolations"/></sampler><channel source="#swat_Head-Matrix-animation-transform" target="swat_Head/matrix"/></animation>
    <animation id="swat_LeftShoulder-anim" name="swat_LeftShoulder"><source id="swat_LeftShoulder-Matrix-animation-input"><float_array id="swat_LeftShoulder-Matrix-animation-input-array" count="22">

0.000000 0.033333 0.066667 0.100000 0.133333 0.166667 0.200000 0.233333 0.266667 0.300000 0.333333 0.366667 0.400000 0.433333 0.466667 0.500000
0.533333 0.566667 0.600000 0.633333 0.666667 0.700000</float_array><technique_common><accessor source="#swat_LeftShoulder-Matrix-animation-input-array" count="22"><param name="TIME" type="float"/></accessor></technique_common></source><source id="swat_LeftShoulder-Matrix-animation-output-transform"><float_array id="swat_LeftShoulder-Matrix-animation-output-transform-array" count="352">

0.976173 0.203533 -0.075232 6.144200 -0.204818 0.978752 -0.009707 10.187000 0.071658 0.024885 0.997119 -3.793200 0.000000 0.000000 0.000000 1.000000
0.980511 0.181976 -0.074045 6.144200 -0.183191 0.983027 -0.009907 10.187000 0.070985 0.023279 0.997206 -3.793200 0.000000 0.000000 0.000000 1.000000
0.988885 0.146050 -0.027850 6.144200 -0.146363 0.989185 -0.009540 10.187000 0.026155 0.013510 0.999567 -3.793200 0.000000 0.000000 0.000000 1.000000
0.994821 0.100493 0.015245 6.144200 -0.100393 0.994922 -0.007222 10.187000 -0.015893 0.005654 0.999858 -3.793200 0.000000 0.000000 0.000000 1.000000
0.999370 0.033344 0.012121 6.144200 -0.033284 0.999433 -0.005090 10.187000 -0.012283 0.004683 0.999914 -3.793200 0.000000 0.000000 0.000000 1.000000
0.999973 -0.000115 0.007316 6.144200 0.000132 0.999997 -0.002406 10.187000 -0.007315 0.002406 0.999970 -3.793200 0.000000 0.000000 0.000000 1.000000
0.999871 -0.006838 0.014553 6.144200 0.006843 0.999977 -0.000315 10.187000 -0.014550 0.000415 0.999894 -3.793200 0.000000 0.000000 0.000000 1.000000
0.999828 0.016397 -0.008689 6.144200 -0.016451 0.999845 -0.006201 10.187000 0.008586 0.006343 0.999943 -3.793200 0.000000 0.000000 0.000000 1.000000
0.992324 0.103234 -0.068082 6.144200 -0.104175 0.994505 -0.010401 10.187000 0.066634 0.017414 0.997625 -3.793200 0.000000 0.000000 0.000000 1.000000
0.966257 0.215303 -0.141392 6.144200 -0.218600 0.975782 -0.008026 10.187000 0.136240 0.038664 0.989921 -3.793200 0.000000 0.000000 0.000000 1.000000
0.955953 0.247018 -0.158543 6.144200 -0.251092 0.967945 -0.005882 10.187000 0.152008 0.045432 0.987335 -3.793200 0.000000 0.000000 0.000000 1.000000
0.956588 0.236901 -0.169756 6.144200 -0.241402 0.970406 -0.006079 10.187000 0.163292 0.046795 0.985467 -3.793200 0.000000 0.000000 0.000000 1.000000
0.967340 0.165904 -0.191648 6.144200 -0.170962 0.985226 -0.010046 10.187000 0.187150 0.042482 0.981412 -3.793200 0.000000 0.000000 0.000000 1.000000
0.979476 0.119440 -0.162362 6.144200 -0.123097 0.992314 -0.012619 10.187000 0.159607 0.032346 0.986651 -3.793200 0.000000 0.000000 0.000000 1.000000
0.987908 0.100000 -0.118479 6.144200 -0.102154 0.994693 -0.012233 10.187000 0.116627 0.024188 0.992881 -3.793200 0.000000 0.000000 0.000000 1.000000
0.992544 0.078099 -0.093576 6.144200 -0.079542 0.996762 -0.011786 10.187000 0.092352 0.019141 0.995542 -3.793200 0.000000 0.000000 0.000000 1.000000
0.994830 0.059331 -0.082423 6.144200 -0.060480 0.998103 -0.011516 10.187000 0.081583 0.016441 0.996531 -3.793200 0.000000 0.000000 0.000000 1.000000
0.994594 0.060766 -0.084200 6.144200 -0.061957 0.998011 -0.011608 10.187000 0.083327 0.016762 0.996381 -3.793200 0.000000 0.000000 0.000000 1.000000
0.991639 0.099111 -0.082642 6.144200 -0.100356 0.994890 -0.011034 10.187000 0.081126 0.019235 0.996518 -3.793200 0.000000 0.000000 0.000000 1.000000
0.983644 0.156862 -0.088536 6.144200 -0.158377 0.987325 -0.010310 10.187000 0.085796 0.024164 0.996020 -3.793200 0.000000 0.000000 0.000000 1.000000
0.981367 0.178890 -0.070124 6.144200 -0.180013 0.983613 -0.009994 10.187000 0.067187 0.022431 0.997488 -3.793200 0.000000 0.000000 0.000000 1.000000
0.976173 0.203533 -0.075232 6.144200 -0.204818 0.978752 -0.009707 10.187000 0.071658 0.024885 0.997119 -3.793200 0.000000 0.000000 0.000000 1.000000</float_array><technique_common><accessor source="#swat_LeftShoulder-Matrix-animation-output-transform-array" count="22" stride="16"><param type="float4x4"/></accessor></technique_common></source><source id="swat_LeftShoulder-Interpolations"><Name_array id="swat_LeftShoulder-Interpolations-array" count="22">
 LINEAR LINEAR LINEAR LINEAR LINEAR LINEAR LINEAR LINEAR LINEAR LINEAR LINEAR
LINEAR LINEAR LINEAR LINEAR LINEAR LINEAR LINEAR LINEAR LINEAR LINEAR LINEAR</Name_array><technique_common><accessor source="#swat_LeftShoulder-Interpolations-array" count="22"><param type="name"/></accessor></technique_common></source><sampler id="swat_LeftShoulder-Matrix-animation-transform"><input semantic="INPUT" source="#swat_LeftShoulder-Matrix-animation-input"/><input semantic="OUTPUT" source="#swat_LeftShoulder-Matrix-animation-output-transform"/><input semantic="INTERPOLATION" source="#swat_LeftShoulder-Interpolations"/></sampler><channel source="#swat_LeftShoulder-Matrix-animation-transform" target="swat_LeftShoulder/matrix"/></animation>
