<?xml version="1.0" encoding="utf-8"?>
<COLLADA xmlns="http://www.collada.org/2005/11/COLLADASchema" version="1.4.1">
  <asset><contributor><author>Mixamo</author><authoring_tool>COLLADA Mixamo exporter</authoring_tool><comments></comments></contributor><created>2018-12-08T13:40:39Z</created><modified>2018-12-08T13:40:39Z</modified><revision></revision><title></title><unit meter="0.010000"/><up_axis>Y_UP</up_axis></asset>
  <library_animations>
    <animation id="swat_Hips-anim" name="swat_Hips"><source id="swat_Hips-Matrix-animation-input"><float_array id="swat_Hips-Matrix-animation-input-array" count="36">

0.000000 0.033333 0.066667 0.100000 0.133333 0.166667 0.200000 0.233333 0.266667 0.300000 0.333333 0.366667 0.400000 0.433333 0.466667 0.500000
0.533333 0.566667 0.600000 0.633333 0.666667 0.700000 0.733333 0.766667 0.800000 0.833333 0.866667 0.900000 0.933333 0.966667 1.000000 1.033333
1.066667 1.100000 1.133333 1.166667</float_array><technique_common><accessor source="#swat_Hips-Matrix-animation-input-array" count="36"><param name="TIME" type="float"/></accessor></technique_common></source><source id="swat_Hips-Matrix-animation-output-transform"><float_array id="swat_Hips-Matrix-animation-output-transform-array" count="576">

0.886886 0.045548 -0.459738 0.016489 0.054948 0.977664 0.202862 86.000961 0.458709 -0.205177 0.864574 -0.122591 0.000000 0.000000 0.000000 1.000000
0.887056 0.045711 -0.459392 0.010032 0.054676 0.977681 0.202858 86.002907 0.458412 -0.205064 0.864759 -0.117208 0.000000 0.000000 0.000000 1.000000
0.887290 0.045741 -0.458938 0.004156 0.054553 0.977676 0.202912 86.003571 0.457974 -0.205078 0.864987 -0.115710 0.000000 0.000000 0.000000 1.000000
0.887482 0.045688 -0.458572 0.001354 0.054506 0.977683 0.202892 86.004013 0.457608 -0.205058 0.865186 -0.120994 0.000000 0.000000 0.000000 1.000000
0.887543 0.045513 -0.458472 0.002759 0.054482 0.977759 0.202533 86.008072 0.457493 -0.204735 0.865323 -0.135126 0.000000 0.000000 0.000000 1.000000
0.887447 0.044913 -0.458716 0.006472 0.054844 0.977880 0.201848 86.021416 0.457635 -0.204288 0.865354 -0.151927 0.000000 0.000000 0.000000 1.000000
0.887165 0.043559 -0.459392 0.010341 0.056454 0.977811 0.201737 86.046043 0.457986 -0.204908 0.865021 -0.150806 0.000000 0.000000 0.000000 1.000000
0.886351 0.041831 -0.461121 0.014945 0.059913 0.977176 0.203807 86.070740 0.459122 -0.208271 0.863615 -0.097191 0.000000 0.000000 0.000000 1.000000
0.884256 0.041168 -0.465184 0.018461 0.064456 0.975815 0.208880 86.072029 0.462533 -0.214687 0.860217 0.046515 0.000000 0.000000 0.000000 1.000000
0.880704 0.042507 -0.471757 0.010983 0.068516 0.974058 0.215677 86.034027 0.468686 -0.222271 0.854944 0.300276 0.000000 0.000000 0.000000 1.000000
0.877204 0.044280 -0.478072 -0.017276 0.071978 0.972356 0.222132 85.959877 0.474692 -0.229265 0.849767 0.634893 0.000000 0.000000 0.000000 1.000000
0.875793 0.044243 -0.480656 -0.065707 0.076216 0.970623 0.228214 85.853485 0.476632 -0.236502 0.846693 0.953313 0.000000 0.000000 0.000000 1.000000
0.876642 0.042897 -0.479228 -0.118208 0.081429 0.968423 0.235642 85.703743 0.474203 -0.245596 0.845467 1.131196 0.000000 0.000000 0.000000 1.000000
0.878442 0.042179 -0.475984 -0.148048 0.086175 0.965782 0.244620 85.506035 0.470014 -0.255903 0.844749 1.100317 0.000000 0.000000 0.000000 1.000000
0.880379 0.042033 -0.472404 -0.141574 0.089604 0.963385 0.252706 85.294128 0.465730 -0.264806 0.844378 0.891139 0.000000 0.000000 0.000000 1.000000
0.882020 0.041540 -0.469378 -0.110099 0.091417 0.962097 0.256929 85.129486 0.462260 -0.269525 0.844791 0.595358 0.000000 0.000000 0.000000 1.000000
0.882825 0.041355 -0.467877 -0.068899 0.091037 0.962162 0.256819 85.049927 0.460795 -0.269320 0.845657 0.296213 0.000000 0.000000 0.000000 1.000000
0.882885 0.042461 -0.467665 -0.016139 0.088565 0.962974 0.254630 85.049469 0.461161 -0.266228 0.846435 0.033468 0.000000 0.000000 0.000000 1.000000
0.882784 0.044501 -0.467667 0.059205 0.084981 0.963953 0.252138 85.104202 0.462030 -0.262326 0.847180 -0.185430 0.000000 0.000000 0.000000 1.000000
0.882525 0.046617 -0.467950 0.158297 0.080867 0.965208 0.248664 85.192879 0.463261 -0.257294 0.848050 -0.357779 0.000000 0.000000 0.000000 1.000000
0.881611 0.048438 -0.469485 0.271323 0.076339 0.966988 0.243118 85.295982 0.465763 -0.250175 0.848809 -0.476990 0.000000 0.000000 0.000000 1.000000
0.880088 0.049890 -0.472183 0.389086 0.071803 0.969043 0.236219 85.393700 0.469350 -0.241798 0.849261 -0.541977 0.000000 0.000000 0.000000 1.000000
0.878744 0.050877 -0.474574 0.505687 0.067940 0.970844 0.229881 85.473129 0.472433 -0.234249 0.849667 -0.560202 0.000000 0.000000 0.000000 1.000000
0.878257 0.051194 -0.475441 0.613223 0.065307 0.972096 0.225310 85.530945 0.473709 -0.228929 0.850407 -0.546217 0.000000 0.000000 0.000000 1.000000
0.878640 0.050801 -0.474775 0.698361 0.063780 0.972927 0.222137 85.573158 0.473207 -0.225459 0.851612 -0.517217 0.000000 0.000000 0.000000 1.000000
0.879531 0.049926 -0.473215 0.747427 0.062717 0.973642 0.219291 85.611710 0.471690 -0.222552 0.853217 -0.482280 0.000000 0.000000 0.000000 1.000000
0.880645 0.048893 -0.471247 0.756079 0.061671 0.974368 0.216340 85.655922 0.469745 -0.219581 0.855058 -0.441274 0.000000 0.000000 0.000000 1.000000
0.881874 0.048048 -0.469030 0.731338 0.060475 0.975049 0.213592 85.707001 0.467590 -0.216726 0.856965 -0.395447 0.000000 0.000000 0.000000 1.000000
0.883045 0.047626 -0.466866 0.681680 0.059060 0.975649 0.211235 85.762215 0.465557 -0.214103 0.858729 -0.351250 0.000000 0.000000 0.000000 1.000000
0.883876 0.047512 -0.465302 0.610929 0.057572 0.976210 0.209043 85.818054 0.464165 -0.211557 0.860113 -0.312849 0.000000 0.000000 0.000000 1.000000
0.884337 0.047288 -0.464447 0.524381 0.056457 0.976722 0.206944 85.870537 0.463422 -0.209230 0.861083 -0.277256 0.000000 0.000000 0.000000 1.000000
0.884706 0.046790 -0.463795 0.429123 0.055919 0.977112 0.205244 85.916054 0.462783 -0.207515 0.861841 -0.241755 0.000000 0.000000 0.000000 1.000000
0.885223 0.046285 -0.462858 0.327609 0.055646 0.977355 0.204157 85.951385 0.461826 -0.206481 0.862602 -0.210604 0.000000 0.000000 0.000000 1.000000
0.885884 0.045945 -0.461627 0.220963 0.055380 0.977494 0.203565 85.975204 0.460590 -0.205900 0.863401 -0.185644 0.000000 0.000000 0.000000 1.000000
0.886489 0.045727 -0.460485 0.114748 0.055113 0.977590 0.203176 85.990440 0.459456 -0.205492 0.864102 -0.159235 0.000000 0.000000 0.000000 1.000000
0.886886 0.045548 -0.459738 0.016489 0.054948 0.977664 0.202862 86.000961 0.458709 -0.205177 0.864574 -0.122591 0.000000 0.000000 0.000000 1.000000</float_array><technique_common><accessor source="#swat_Hips-Matrix-animation-output-transform-array" count="36" stride="16"><param type="float4x4"/></accessor></technique_common></source><source id="swat_Hips-Interpolations"><Name_array id="swat_Hips-Interpolations-array" count="36">
 LINEAR LINEAR LINEAR LINEAR LINEAR LINEAR LINEAR LINEAR LINEAR LINEAR LINEAR
LINEAR LINEAR LINEAR LINEAR LINEAR LINEAR LINEAR LINEAR LINEAR LINEAR LINEAR LINEAR
LINEAR LINEAR LINEAR LINEAR LINEAR LINEAR LINEAR LINEAR LINEAR LINEAR LINEAR LINEAR
LINEAR</Name_array><technique_common><accessor source="#swat_Hips-Interpolations-array" count="36"><param type="name"/></accessor></technique_common></source><sampler id="swat_Hips-Matrix-animation-transform"><input semantic="INPUT" source="#swat_Hips-Matrix-animation-input"/><input semantic="OUTPUT" source="#swat_Hips-Matrix-animation-output-transform"/><input semantic="INTERPOLATION" source="#swat_Hips-Interpolations"/></sampler><channel source="#swat_Hips-Matrix-animation-transform" target="swat_Hips/matrix"/></animation>
    <animation id="swat_Spine-anim" name="swat_Spine"><source id="swat_Spine-Matrix-animation-input"><float_array id="swat_Spine-Matrix-animation-input-array" count="36">

0.000000 0.033333 0.066667 0.100000 0.133333 0.166667 0.200000 0.233333 0.266667 0.300000 0.333333 0.366667 0.400000 0.433333 0.466667 0.500000
0.533333 0.566667 0.600000 0.633333 0.666667 0.700000 0.733333 0.766667 0.800000 0.833333 0.866667 0.900000 0.933333 0.966667 1.000000 1.033333
1.066667 1.100000 1.133333 1.166667</float_array><technique_common><accessor source="#swat_Spine-Matrix-animation-input-array" count="36"><param name="TIME" type="float"/></accessor></technique_common></source><source id="swat_Spine-Matrix-animation-output-transform"><float_array id="swat_Spine-Matrix-animation-output-transform-array" count="576">

0.999231 0.021897 0.032519 0.000000 -0.016162 0.985797 -0.167159 9.226300 -0.035717 0.166505 0.985394 1.577100 0.000000 0.000000 0.000000 1.000000
0.999231 0.021910 0.032532 -0.000000 -0.016175 0.985806 -0.167110 9.226300 -0.035732 0.166455 0.985401 1.577100 0.000000 0.000000 0.000000 1.000000
0.999232 0.021910 0.032500 -0.000000 -0.016181 0.985808 -0.167094 9.226300 -0.035700 0.166440 0.985405 1.577100 0.000000 0.000000 0.000000 1.000000
0.999234 0.021920 0.032419 0.000000 -0.016204 0.985807 -0.167097 9.226300 -0.035622 0.166444 0.985407 1.577100 0.000000 0.000000 0.000000 1.000000
0.999235 0.021935 0.032392 0.000000 -0.016225 0.985812 -0.167067 9.226300 -0.035597 0.166413 0.985413 1.577100 0.000000 0.000000 0.000000 1.000000
0.999228 0.021945 0.032586 0.000000 -0.016207 0.985831 -0.166958 9.226300 -0.035788 0.166301 0.985425 1.577100 0.000000 0.000000 0.000000 1.000000
0.999216 0.021979 0.032943 0.000000 -0.016186 0.985857 -0.166804 9.226300 -0.036143 0.166140 0.985440 1.577100 0.000000 0.000000 0.000000 1.000000
0.999212 0.022099 0.032963 -0.000000 -0.016307 0.985886 -0.166620 9.226300 -0.036180 0.165951 0.985470 1.577100 0.000000 0.000000 0.000000 1.000000
0.999234 0.022214 0.032223 0.000000 -0.016564 0.985976 -0.166065 9.226300 -0.035460 0.165404 0.985588 1.577100 0.000000 0.000000 0.000000 1.000000
0.999280 0.021797 0.031042 -0.000000 -0.016407 0.986260 -0.164382 9.226300 -0.034199 0.163754 0.985908 1.577100 0.000000 0.000000 0.000000 1.000000
0.999351 0.020167 0.029860 0.000000 -0.015095 0.986795 -0.161271 9.226300 -0.032718 0.160716 0.986458 1.577100 0.000000 0.000000 0.000000 1.000000
0.999443 0.017465 0.028430 0.000000 -0.012765 0.987383 -0.157832 9.226300 -0.030828 0.157381 0.987057 1.577100 0.000000 0.000000 0.000000 1.000000
0.999534 0.014904 0.026624 0.000000 -0.010578 0.987731 -0.155804 9.226300 -0.028620 0.155450 0.987429 1.577100 0.000000 0.000000 0.000000 1.000000
0.999592 0.013635 0.025112 0.000000 -0.009556 0.987727 -0.155899 9.226300 -0.026930 0.155596 0.987454 1.577100 0.000000 0.000000 0.000000 1.000000
0.999604 0.013817 0.024512 0.000000 -0.009788 0.987477 -0.157456 9.226300 -0.026380 0.157154 0.987222 1.577100 0.000000 0.000000 0.000000 1.000000
0.999587 0.014832 0.024615 0.000000 -0.010725 0.987171 -0.159304 9.226300 -0.026662 0.158974 0.986923 1.577100 0.000000 0.000000 0.000000 1.000000
0.999559 0.016128 0.024936 0.000000 -0.011915 0.986927 -0.160726 9.226300 -0.027202 0.160358 0.986684 1.577100 0.000000 0.000000 0.000000 1.000000
0.999527 0.017516 0.025274 -0.000000 -0.013200 0.986733 -0.161816 9.226300 -0.027773 0.161405 0.986497 1.577100 0.000000 0.000000 0.000000 1.000000
0.999493 0.018931 0.025600 -0.000000 -0.014512 0.986532 -0.162924 9.226300 -0.028339 0.162470 0.986306 1.577100 0.000000 0.000000 0.000000 1.000000
0.999460 0.020168 0.025934 0.000000 -0.015648 0.986339 -0.163984 9.226300 -0.028887 0.163490 0.986122 1.577100 0.000000 0.000000 0.000000 1.000000
0.999432 0.020972 0.026378 -0.000000 -0.016348 0.986209 -0.164698 9.226300 -0.029468 0.164173 0.985991 1.577100 0.000000 0.000000 0.000000 1.000000
0.999407 0.021309 0.027059 0.000000 -0.016558 0.986147 -0.165046 9.226300 -0.030201 0.164500 0.985915 1.577100 0.000000 0.000000 0.000000 1.000000
0.999381 0.021341 0.027972 0.000000 -0.016432 0.986108 -0.165293 9.226300 -0.031111 0.164731 0.985848 1.577100 0.000000 0.000000 0.000000 1.000000
0.999354 0.021259 0.028970 0.000000 -0.016175 0.986054 -0.165638 9.226300 -0.032087 0.165063 0.985761 1.577100 0.000000 0.000000 0.000000 1.000000
0.999330 0.021157 0.029880 0.000000 -0.015910 0.985991 -0.166038 9.226300 -0.032974 0.165451 0.985667 1.577100 0.000000 0.000000 0.000000 1.000000
0.999310 0.021055 0.030582 0.000000 -0.015683 0.985942 -0.166350 9.226300 -0.033655 0.165756 0.985592 1.577100 0.000000 0.000000 0.000000 1.000000
0.999297 0.021015 0.031031 -0.000000 -0.015561 0.985911 -0.166548 9.226300 -0.034093 0.165948 0.985545 1.577100 0.000000 0.000000 0.000000 1.000000
0.999289 0.021082 0.031255 -0.000000 -0.015585 0.985882 -0.166714 9.226300 -0.034329 0.166109 0.985510 1.577100 0.000000 0.000000 0.000000 1.000000
0.999282 0.021198 0.031390 0.000000 -0.015671 0.985854 -0.166874 9.226300 -0.034483 0.166262 0.985478 1.577100 0.000000 0.000000 0.000000 1.000000
0.999274 0.021289 0.031610 0.000000 -0.015722 0.985840 -0.166952 9.226300 -0.034716 0.166333 0.985458 1.577100 0.000000 0.000000 0.000000 1.000000
0.999261 0.021374 0.031941 0.000000 -0.015752 0.985845 -0.166920 9.226300 -0.035057 0.166294 0.985453 1.577100 0.000000 0.000000 0.000000 1.000000
0.999249 0.021491 0.032257 0.000000 -0.015816 0.985851 -0.166876 9.226300 -0.035386 0.166240 0.985450 1.577100 0.000000 0.000000 0.000000 1.000000
0.999240 0.021621 0.032434 0.000000 -0.015913 0.985842 -0.166920 9.226300 -0.035584 0.166277 0.985437 1.577100 0.000000 0.000000 0.000000 1.000000
0.999236 0.021747 0.032470 -0.000000 -0.016027 0.985819 -0.167044 9.226300 -0.035642 0.166396 0.985415 1.577100 0.000000 0.000000 0.000000 1.000000
0.999234 0.021846 0.032467 0.000000 -0.016122 0.985800 -0.167147 9.226300 -0.035658 0.166495 0.985397 1.577100 0.000000 0.000000 0.000000 1.000000
0.999231 0.021897 0.032519 0.000000 -0.016162 0.985797 -0.167159 9.226300 -0.035717 0.166505 0.985394 1.577100 0.000000 0.000000 0.000000 1.000000</float_array><technique_common><accessor source="#swat_Spine-Matrix-animation-output-transform-array" count="36" stride="16"><param type="float4x4"/></accessor></technique_common></source><source id="swat_Spine-Interpolations"><Name_array id="swat_Spine-Interpolations-array" count="36">
 LINEAR LINEAR LINEAR LINEAR LINEAR LINEAR LINEAR LINEAR LINEAR LINEAR LINEAR
LINEAR LINEAR LINEAR LINEAR LINEAR LINEAR LINEAR LINEAR LINEAR LINEAR LINEAR LINEAR
LINEAR LINEAR LINEAR LINEAR LINEAR LINEAR LINEAR LINEAR LINEAR LINEAR LINEAR LINEAR
LINEAR</Name_array><technique_common><accessor source="#swat_Spine-Interpolations-array" count="36"><param type="name"/></accessor></technique_common></source><sampler id="swat_Spine-Matrix-animation-transform"><input semantic="INPUT" source="#swat_Spine-Matrix-animation-input"/><input semantic="OUTPUT" source="#swat_Spine-Matrix-animation-output-transform"/><input semantic="INTERPOLATION" source="#swat_Spine-Interpolations"/></sampler><channel source="#swat_Spine-Matrix-animation-transform" target="swat_Spine/matrix"/></animation>
    <animation id="swat_Spine1-anim" name="swat_Spine1"><source id="swat_Spine1-Matrix-animation-input"><float_array id="swat_Spine1-Matrix-animation-input-array" count="36">

0.000000 0.033333 0.066667 0.100000 0.133333 0.166667 0.200000 0.233333 0.266667 0.300000 0.333333 0.366667 0.400000 0.433333 0.466667 0.500000
0.533333 0.566667 0.600000 0.633333 0.666667 0.700000 0.733333 0.766667 0.800000 0.833333 0.866667 0.900000 0.933333 0.966667 1.000000 1.033333
1.066667 1.100000 1.133333 1.166667</float_array><technique_common><accessor source="#swat_Spine1-Matrix-animation-input-array" count="36"><param name="TIME" type="float"/></accessor></technique_common></source><source id="swat_Spine1-Matrix-animation-output-transform"><float_array id="swat_Spine1-Matrix-animation-output-transform-array" count="576">

0.996838 0.051612 0.060418 0.000000 -0.028839 0.943487 -0.330153 16.254000 -0.074044 0.327367 0.941992 -0.165600 0.000000 0.000000 0.000000 1.000000
0.996834 0.051657 0.060442 0.000000 -0.028881 0.943517 -0.330062 16.254000 -0.074078 0.327271 0.942022 -0.165600 0.000000 0.000000 0.000000 1.000000
0.996838 0.051660 0.060379 0.000000 -0.028907 0.943527 -0.330031 16.254000 -0.074018 0.327242 0.942037 -0.165600 0.000000 0.000000 0.000000 1.000000
0.996847 0.051671 0.060215 0.000000 -0.028971 0.943524 -0.330036 16.254000 -0.073867 0.327251 0.942046 -0.165600 0.000000 0.000000 0.000000 1.000000
0.996849 0.051703 0.060155 0.000000 -0.029026 0.943542 -0.329979 16.254000 -0.073820 0.327193 0.942070 -0.165600 0.000000 0.000000 0.000000 1.000000
0.996824 0.051731 0.060541 -0.000000 -0.028942 0.943617 -0.329772 16.254000 -0.074187 0.326972 0.942117 -0.165600 0.000000 0.000000 0.000000 1.000000
0.996780 0.051741 0.061265 -0.000000 -0.028736 0.943726 -0.329477 16.254000 -0.074865 0.326655 0.942174 -0.165600 0.000000 0.000000 0.000000 1.000000
0.996775 0.051739 0.061335 -0.000000 -0.028740 0.943852 -0.329117 16.254000 -0.074919 0.326293 0.942295 -0.165600 0.000000 0.000000 0.000000 1.000000
0.996873 0.051516 0.059924 -0.000000 -0.029076 0.944217 -0.328037 16.254000 -0.073480 0.325269 0.942762 -0.165600 0.000000 0.000000 0.000000 1.000000
0.997070 0.050152 0.057757 0.000000 -0.028738 0.945354 -0.324777 16.254000 -0.070889 0.322165 0.944026 -0.165600 0.000000 0.000000 0.000000 1.000000
0.997364 0.046364 0.055814 0.000000 -0.026207 0.947479 -0.318744 16.254000 -0.067661 0.316441 0.946196 -0.165600 0.000000 0.000000 0.000000 1.000000
0.997750 0.040342 0.053548 0.000000 -0.021658 0.949822 -0.312041 16.254000 -0.063449 0.310179 0.948558 -0.165600 0.000000 0.000000 0.000000 1.000000
0.998129 0.034552 0.050453 0.000000 -0.017356 0.951212 -0.308050 16.254000 -0.058635 0.306598 0.950032 -0.165600 0.000000 0.000000 0.000000 1.000000
0.998366 0.031502 0.047667 0.000000 -0.015299 0.951203 -0.308187 16.254000 -0.055049 0.306954 0.950131 -0.165600 0.000000 0.000000 0.000000 1.000000
0.998424 0.031558 0.046405 -0.000000 -0.015571 0.950224 -0.311178 16.254000 -0.053915 0.309965 0.949218 -0.165600 0.000000 0.000000 0.000000 1.000000
0.998361 0.033505 0.046391 0.000000 -0.017223 0.949018 -0.314750 16.254000 -0.054572 0.313436 0.948040 -0.165600 0.000000 0.000000 0.000000 1.000000
0.998249 0.036217 0.046769 0.000000 -0.019520 0.948052 -0.317515 16.254000 -0.055839 0.316046 0.947099 -0.165600 0.000000 0.000000 0.000000 1.000000
0.998114 0.039290 0.047168 0.000000 -0.022183 0.947276 -0.319649 16.254000 -0.057240 0.317999 0.946361 -0.165600 0.000000 0.000000 0.000000 1.000000
0.997964 0.042518 0.047537 0.000000 -0.024994 0.946470 -0.321822 16.254000 -0.058675 0.319978 0.945606 -0.165600 0.000000 0.000000 0.000000 1.000000
0.997819 0.045389 0.047938 0.000000 -0.027457 0.945693 -0.323898 16.254000 -0.060036 0.321875 0.944877 -0.165600 0.000000 0.000000 0.000000 1.000000
0.997691 0.047410 0.048623 -0.000000 -0.029060 0.945164 -0.325301 16.254000 -0.061379 0.323137 0.944359 -0.165600 0.000000 0.000000 0.000000 1.000000
0.997576 0.048533 0.049858 0.000000 -0.029677 0.944905 -0.325996 16.254000 -0.062932 0.323726 0.944056 -0.165600 0.000000 0.000000 0.000000 1.000000
0.997463 0.049031 0.051608 0.000000 -0.029547 0.944739 -0.326490 16.254000 -0.064764 0.324137 0.943791 -0.165600 0.000000 0.000000 0.000000 1.000000
0.997351 0.049228 0.053558 -0.000000 -0.029051 0.944519 -0.327168 16.254000 -0.066693 0.324746 0.943447 -0.165600 0.000000 0.000000 0.000000 1.000000
0.997250 0.049287 0.055353 0.000000 -0.028466 0.944268 -0.327945 16.254000 -0.068431 0.325467 0.943074 -0.165600 0.000000 0.000000 0.000000 1.000000
0.997172 0.049272 0.056744 -0.000000 -0.027952 0.944073 -0.328549 16.254000 -0.069759 0.326034 0.942781 -0.165600 0.000000 0.000000 0.000000 1.000000
0.997119 0.049329 0.057628 -0.000000 -0.027688 0.943947 -0.328933 16.254000 -0.070624 0.326390 0.942593 -0.165600 0.000000 0.000000 0.000000 1.000000
0.997082 0.049565 0.058052 -0.000000 -0.027748 0.943832 -0.329258 16.254000 -0.071111 0.326686 0.942454 -0.165600 0.000000 0.000000 0.000000 1.000000
0.997052 0.049891 0.058291 0.000000 -0.027954 0.943717 -0.329571 16.254000 -0.071453 0.326970 0.942330 -0.165600 0.000000 0.000000 0.000000 1.000000
0.997013 0.050183 0.058704 0.000000 -0.028083 0.943658 -0.329728 16.254000 -0.071943 0.327095 0.942249 -0.165600 0.000000 0.000000 0.000000 1.000000
0.996962 0.050458 0.059344 -0.000000 -0.028137 0.943675 -0.329676 16.254000 -0.072637 0.327004 0.942227 -0.165600 0.000000 0.000000 0.000000 1.000000
0.996910 0.050756 0.059953 0.000000 -0.028226 0.943700 -0.329597 16.254000 -0.073306 0.326887 0.942216 -0.165600 0.000000 0.000000 0.000000 1.000000
0.996875 0.051045 0.060287 0.000000 -0.028382 0.943663 -0.329687 16.254000 -0.073720 0.326946 0.942163 -0.165600 0.000000 0.000000 0.000000 1.000000
0.996858 0.051306 0.060340 0.000000 -0.028593 0.943572 -0.329929 16.254000 -0.073862 0.327168 0.942075 -0.165600 0.000000 0.000000 0.000000 1.000000
0.996849 0.051506 0.060318 -0.000000 -0.028774 0.943497 -0.330128 16.254000 -0.073914 0.327352 0.942007 -0.165600 0.000000 0.000000 0.000000 1.000000
0.996838 0.051612 0.060418 0.000000 -0.028839 0.943487 -0.330153 16.254000 -0.074044 0.327367 0.941992 -0.165600 0.000000 0.000000 0.000000 1.000000</float_array><technique_common><accessor source="#swat_Spine1-Matrix-animation-output-transform-array" count="36" stride="16"><param type="float4x4"/></accessor></technique_common></source><source id="swat_Spine1-Interpolations"><Name_array id="swat_Spine1-Interpolations-array" count="36">
 LINEAR LINEAR LINEAR LINEAR LINEAR LINEAR LINEAR LINEAR LINEAR LINEAR LINEAR
LINEAR LINEAR LINEAR LINEAR LINEAR LINEAR LINEAR LINEAR LINEAR LINEAR LINEAR LINEAR
LINEAR LINEAR LINEAR LINEAR LINEAR LINEAR LINEAR LINEAR LINEAR LINEAR LINEAR LINEAR
LINEAR</Name_array><technique_common><accessor source="#swat_Spine1-Interpolations-array" count="36"><param type="name"/></accessor></technique_common></source><sampler id="swat_Spine1-Matrix-animation-transform"><input semantic="INPUT" source="#swat_Spine1-Matrix-animation-input"/><input semantic="OUTPUT" source="#swat_Spine1-Matrix-animation-output-transform"/><input semantic="INTERPOLATION" source="#swat_Spine1-Interpolations"/></sampler><channel source="#swat_Spine1-Matrix-animation-transform" target="swat_Spine1/matrix"/></animation>
    <animation id="swat_Spine2-anim" name="swat_Spine2"><source id="swat_Spine2-Matrix-animation-input"><float_array id="swat_Spine2-Matrix-animation-input-array" count="36">

0.000000 0.033333 0.066667 0.100000 0.133333 0.166667 0.200000 0.233333 0.266667 0.300000 0.333333 0.366667 0.400000 0.433333 0.466667 0.500000
0.533333 0.566667 0.600000 0.633333 0.666667 0.700000 0.733333 0.766667 0.800000 0.833333 0.866667 0.900000 0.933333 0.966667 1.000000 1.033333
1.066667 1.100000 1.133333 1.166667</float_array><technique_common><accessor source="#swat_Spine2-Matrix-animation-input-array" count="36"><param name="TIME" type="float"/></accessor></technique_common></source><source id="swat_Spine2-Matrix-animation-output-transform"><float_array id="swat_Spine2-Matrix-animation-output-transform-array" count="576">

0.996838 0.051612 0.060419 0.000000 -0.028839 0.943487 -0.330153 13.639600 -0.074044 0.327367 0.941992 -1.292300 0.000000 0.000000 0.000000 1.000000
0.996834 0.051657 0.060442 0.000000 -0.028881 0.943517 -0.330062 13.639600 -0.074078 0.327271 0.942022 -1.292300 0.000000 0.000000 0.000000 1.000000
0.996838 0.051660 0.060379 0.000000 -0.028907 0.943527 -0.330031 13.639600 -0.074018 0.327242 0.942037 -1.292300 0.000000 0.000000 0.000000 1.000000
0.996847 0.051671 0.060215 0.000000 -0.028971 0.943523 -0.330037 13.639600 -0.073867 0.327252 0.942046 -1.292300 0.000000 0.000000 0.000000 1.000000
0.996849 0.051703 0.060155 -0.000000 -0.029026 0.943542 -0.329979 13.639600 -0.073820 0.327193 0.942070 -1.292300 0.000000 0.000000 0.000000 1.000000
0.996824 0.051731 0.060541 -0.000000 -0.028942 0.943617 -0.329772 13.639600 -0.074187 0.326972 0.942118 -1.292300 0.000000 0.000000 0.000000 1.000000
0.996780 0.051741 0.061265 0.000000 -0.028736 0.943726 -0.329477 13.639600 -0.074865 0.326655 0.942174 -1.292300 0.000000 0.000000 0.000000 1.000000
0.996775 0.051739 0.061335 0.000000 -0.028740 0.943852 -0.329117 13.639600 -0.074919 0.326293 0.942295 -1.292300 0.000000 0.000000 0.000000 1.000000
0.996873 0.051516 0.059924 -0.000000 -0.029076 0.944217 -0.328037 13.639600 -0.073480 0.325269 0.942762 -1.292300 0.000000 0.000000 0.000000 1.000000
0.997070 0.050152 0.057757 0.000000 -0.028738 0.945354 -0.324777 13.639600 -0.070889 0.322165 0.944026 -1.292300 0.000000 0.000000 0.000000 1.000000
0.997364 0.046364 0.055814 0.000000 -0.026207 0.947479 -0.318744 13.639600 -0.067661 0.316441 0.946196 -1.292300 0.000000 0.000000 0.000000 1.000000
0.997750 0.040342 0.053548 0.000000 -0.021658 0.949822 -0.312041 13.639600 -0.063449 0.310179 0.948558 -1.292300 0.000000 0.000000 0.000000 1.000000
0.998129 0.034552 0.050453 0.000000 -0.017356 0.951212 -0.308050 13.639600 -0.058635 0.306598 0.950032 -1.292300 0.000000 0.000000 0.000000 1.000000
0.998366 0.031502 0.047667 0.000000 -0.015299 0.951203 -0.308187 13.639600 -0.055049 0.306954 0.950131 -1.292300 0.000000 0.000000 0.000000 1.000000
0.998424 0.031558 0.046405 0.000000 -0.015571 0.950224 -0.311177 13.639600 -0.053915 0.309964 0.949218 -1.292300 0.000000 0.000000 0.000000 1.000000
0.998361 0.033505 0.046391 0.000000 -0.017223 0.949018 -0.314751 13.639600 -0.054572 0.313436 0.948040 -1.292300 0.000000 0.000000 0.000000 1.000000
0.998249 0.036217 0.046769 0.000000 -0.019520 0.948052 -0.317515 13.639600 -0.055839 0.316046 0.947099 -1.292300 0.000000 0.000000 0.000000 1.000000
0.998114 0.039290 0.047168 0.000000 -0.022183 0.947276 -0.319649 13.639600 -0.057240 0.318000 0.946361 -1.292300 0.000000 0.000000 0.000000 1.000000
0.997964 0.042518 0.047537 0.000000 -0.024994 0.946470 -0.321822 13.639600 -0.058675 0.319978 0.945606 -1.292300 0.000000 0.000000 0.000000 1.000000
0.997819 0.045389 0.047938 0.000000 -0.027457 0.945694 -0.323898 13.639600 -0.060036 0.321875 0.944877 -1.292300 0.000000 0.000000 0.000000 1.000000
0.997691 0.047410 0.048623 0.000000 -0.029060 0.945164 -0.325301 13.639600 -0.061379 0.323137 0.944359 -1.292300 0.000000 0.000000 0.000000 1.000000
0.997576 0.048533 0.049858 -0.000000 -0.029677 0.944905 -0.325996 13.639600 -0.062932 0.323726 0.944056 -1.292300 0.000000 0.000000 0.000000 1.000000
0.997463 0.049031 0.051608 -0.000000 -0.029547 0.944739 -0.326490 13.639600 -0.064764 0.324137 0.943791 -1.292300 0.000000 0.000000 0.000000 1.000000
0.997351 0.049228 0.053558 -0.000000 -0.029051 0.944519 -0.327168 13.639600 -0.066693 0.324746 0.943447 -1.292300 0.000000 0.000000 0.000000 1.000000
0.997250 0.049287 0.055353 0.000000 -0.028466 0.944268 -0.327945 13.639600 -0.068431 0.325467 0.943074 -1.292300 0.000000 0.000000 0.000000 1.000000
0.997172 0.049272 0.056744 -0.000000 -0.027952 0.944073 -0.328549 13.639600 -0.069759 0.326034 0.942781 -1.292300 0.000000 0.000000 0.000000 1.000000
0.997119 0.049329 0.057628 0.000000 -0.027688 0.943947 -0.328933 13.639600 -0.070623 0.326390 0.942593 -1.292300 0.000000 0.000000 0.000000 1.000000
0.997082 0.049565 0.058052 -0.000000 -0.027747 0.943832 -0.329258 13.639600 -0.071111 0.326686 0.942454 -1.292300 0.000000 0.000000 0.000000 1.000000
0.997052 0.049891 0.058291 -0.000000 -0.027954 0.943717 -0.329571 13.639600 -0.071453 0.326970 0.942330 -1.292300 0.000000 0.000000 0.000000 1.000000
0.997013 0.050183 0.058704 0.000000 -0.028083 0.943658 -0.329728 13.639600 -0.071943 0.327095 0.942249 -1.292300 0.000000 0.000000 0.000000 1.000000
0.996962 0.050458 0.059344 -0.000000 -0.028137 0.943675 -0.329676 13.639600 -0.072636 0.327004 0.942227 -1.292300 0.000000 0.000000 0.000000 1.000000
0.996910 0.050756 0.059953 -0.000000 -0.028226 0.943700 -0.329597 13.639600 -0.073306 0.326887 0.942216 -1.292300 0.000000 0.000000 0.000000 1.000000
0.996875 0.051045 0.060287 0.000000 -0.028382 0.943663 -0.329687 13.639600 -0.073720 0.326946 0.942163 -1.292300 0.000000 0.000000 0.000000 1.000000
0.996858 0.051306 0.060340 0.000000 -0.028593 0.943572 -0.329929 13.639600 -0.073863 0.327168 0.942075 -1.292300 0.000000 0.000000 0.000000 1.000000
0.996849 0.051506 0.060318 0.000000 -0.028774 0.943497 -0.330128 13.639600 -0.073914 0.327352 0.942007 -1.292300 0.000000 0.000000 0.000000 1.000000
0.996838 0.051612 0.060419 0.000000 -0.028839 0.943487 -0.330153 13.639600 -0.074044 0.327367 0.941992 -1.292300 0.000000 0.000000 0.000000 1.000000</float_array><technique_common><accessor source="#swat_Spine2-Matrix-animation-output-transform-array" count="36" stride="16"><param type="float4x4"/></accessor></technique_common></source><source id="swat_Spine2-Interpolations"><Name_array id="swat_Spine2-Interpolations-array" count="36">
 LINEAR LINEAR LINEAR LINEAR LINEAR LINEAR LINEAR LINEAR LINEAR LINEAR LINEAR
LINEAR LINEAR LINEAR LINEAR LINEAR LINEAR LINEAR LINEAR LINEAR LINEAR LINEAR LINEAR
LINEAR LINEAR LINEAR LINEAR LINEAR LINEAR LINEAR LINEAR LINEAR LINEAR LINEAR LINEAR
LINEAR</Name_array><technique_common><accessor source="#swat_Spine2-Interpolations-array" count="36"><param type="name"/></accessor></technique_common></source><sampler id="swat_Spine2-Matrix-animation-transform"><input semantic="INPUT" source="#swat_Spine2-Matrix-animation-input"/><input semantic="OUTPUT" source="#swat_Spine2-Matrix-animation-output-transform"/><input semantic="INTERPOLATION" source="#swat_Spine2-Interpolations"/></sampler><channel source="#swat_Spine2-Matrix-animation-transform" target="swat_Spine2/matrix"/></animation>
    <animation id="swat_Neck-anim" name="swat_Neck"><source id="swat_Neck-Matrix-animation-input"><float_array id="swat_Neck-Matrix-animation-input-array" count="36">

0.000000 0.033333 0.066667 0.100000 0.133333 0.166667 0.200000 0.233333 0.266667 0.300000 0.333333 0.366667 0.400000 0.433333 0.466667 0.500000
0.533333 0.566667 0.600000 0.633333 0.666667 0.700000 0.733333 0.766667 0.800000 0.833333 0.866667 0.900000 0.933333 0.966667 1.000000 1.033333
1.066667 1.100000 1.133333 1.166667</float_array><technique_common><accessor source="#swat_Neck-Matrix-animation-input-array" count="36"><param name="TIME" type="float"/></accessor></technique_common></source><source id="swat_Neck-Matrix-animation-output-transform"><float_array id="swat_Neck-Matrix-animation-output-transform-array" count="576">

0.999717 0.003045 0.023585 -0.000000 -0.005160 0.995917 0.090131 13.877400 -0.023214 -0.090228 0.995651 -4.354200 0.000000 0.000000 0.000000 1.000000
0.999717 0.003198 0.023588 -0.000000 -0.005311 0.995921 0.090069 13.877400 -0.023204 -0.090169 0.995656 -4.354200 0.000000 0.000000 0.000000 1.000000
0.999713 0.003516 0.023676 -0.000000 -0.005634 0.995928 0.089971 13.877400 -0.023263 -0.090078 0.995663 -4.354200 0.000000 0.000000 0.000000 1.000000
0.999709 0.003862 0.023804 -0.000000 -0.005990 0.995925 0.089987 13.877400 -0.023359 -0.090104 0.995658 -4.354200 0.000000 0.000000 0.000000 1.000000
0.999707 0.004061 0.023863 0.000000 -0.006197 0.995907 0.090166 13.877400 -0.023399 -0.090287 0.995641 -4.354200 0.000000 0.000000 0.000000 1.000000
0.999707 0.004131 0.023851 -0.000000 -0.006267 0.995905 0.090184 13.877400 -0.023381 -0.090307 0.995640 -4.354200 0.000000 0.000000 0.000000 1.000000
0.999704 0.004424 0.023926 0.000000 -0.006551 0.995960 0.089559 13.877400 -0.023433 -0.089689 0.995694 -4.354200 0.000000 0.000000 0.000000 1.000000
0.999695 0.005077 0.024178 0.000000 -0.007199 0.996050 0.088500 13.877400 -0.023634 -0.088647 0.995783 -4.354200 0.000000 0.000000 0.000000 1.000000
0.999690 0.004813 0.024426 -0.000000 -0.006950 0.996079 0.088200 13.877400 -0.023906 -0.088342 0.995803 -4.354200 0.000000 0.000000 0.000000 1.000000
0.999701 0.001543 0.024404 -0.000000 -0.003721 0.995984 0.089457 13.877400 -0.024168 -0.089521 0.995692 -4.354200 0.000000 0.000000 0.000000 1.000000
0.999692 -0.004844 0.024338 -0.000000 0.002599 0.995809 0.091425 13.877400 -0.024679 -0.091334 0.995514 -4.354200 0.000000 0.000000 0.000000 1.000000
0.999609 -0.012350 0.025100 -0.000000 0.009961 0.995600 0.093171 13.877400 -0.026140 -0.092885 0.995334 -4.354200 0.000000 0.000000 0.000000 1.000000
0.999446 -0.019440 0.027023 0.000000 0.016782 0.995304 0.095330 13.877400 -0.028749 -0.094824 0.995079 -4.354200 0.000000 0.000000 0.000000 1.000000
0.999261 -0.025281 0.028958 -0.000000 0.022320 0.994898 0.098385 13.877400 -0.031298 -0.097666 0.994727 -4.354200 0.000000 0.000000 0.000000 1.000000
0.999162 -0.028436 0.029455 -0.000000 0.025325 0.994557 0.101074 13.877400 -0.032169 -0.100243 0.994443 -4.354200 0.000000 0.000000 0.000000 1.000000
0.999211 -0.027628 0.028518 0.000000 0.024598 0.994522 0.101592 13.877400 -0.031169 -0.100810 0.994417 -4.354200 0.000000 0.000000 0.000000 1.000000
0.999340 -0.023733 0.027491 -0.000000 0.020891 0.994829 0.099391 13.877400 -0.029708 -0.098751 0.994669 -4.354200 0.000000 0.000000 0.000000 1.000000
0.999439 -0.019336 0.027335 0.000000 0.016641 0.995284 0.095570 13.877400 -0.029054 -0.095061 0.995047 -4.354200 0.000000 0.000000 0.000000 1.000000
0.999486 -0.016128 0.027695 -0.000000 0.013523 0.995684 0.091815 13.877400 -0.029057 -0.091393 0.995391 -4.354200 0.000000 0.000000 0.000000 1.000000
0.999519 -0.013878 0.027747 0.000000 0.011353 0.995953 0.089157 13.877400 -0.028872 -0.088799 0.995631 -4.354200 0.000000 0.000000 0.000000 1.000000
0.999559 -0.011806 0.027235 -0.000000 0.009376 0.996104 0.087686 13.877400 -0.028164 -0.087392 0.995776 -4.354200 0.000000 0.000000 0.000000 1.000000
0.999601 -0.009838 0.026490 -0.000000 0.007498 0.996179 0.087008 13.877400 -0.027245 -0.086775 0.995855 -4.354200 0.000000 0.000000 0.000000 1.000000
0.999629 -0.008313 0.025925 -0.000000 0.006037 0.996221 0.086649 13.877400 -0.026547 -0.086461 0.995902 -4.354200 0.000000 0.000000 0.000000 1.000000
0.999644 -0.007272 0.025654 0.000000 0.005033 0.996258 0.086279 13.877400 -0.026186 -0.086119 0.995941 -4.354200 0.000000 0.000000 0.000000 1.000000
0.999655 -0.006359 0.025487 -0.000000 0.004150 0.996302 0.085816 13.877400 -0.025938 -0.085681 0.995985 -4.354200 0.000000 0.000000 0.000000 1.000000
0.999668 -0.005212 0.025221 0.000000 0.003040 0.996345 0.085369 13.877400 -0.025573 -0.085264 0.996030 -4.354200 0.000000 0.000000 0.000000 1.000000
0.999682 -0.003837 0.024929 -0.000000 0.001699 0.996363 0.085197 13.877400 -0.025165 -0.085127 0.996052 -4.354200 0.000000 0.000000 0.000000 1.000000
0.999690 -0.002521 0.024768 0.000000 0.000393 0.996335 0.085536 13.877400 -0.024893 -0.085500 0.996027 -4.354200 0.000000 0.000000 0.000000 1.000000
0.999694 -0.001491 0.024679 0.000000 -0.000646 0.996266 0.086334 13.877400 -0.024716 -0.086323 0.995961 -4.354200 0.000000 0.000000 0.000000 1.000000
0.999699 -0.000746 0.024519 0.000000 -0.001397 0.996182 0.087285 13.877400 -0.024490 -0.087293 0.995882 -4.354200 0.000000 0.000000 0.000000 1.000000
0.999706 -0.000100 0.024266 -0.000000 -0.002040 0.996103 0.088169 13.877400 -0.024180 -0.088193 0.995810 -4.354200 0.000000 0.000000 0.000000 1.000000
0.999712 0.000632 0.024004 0.000000 -0.002765 0.996032 0.088948 13.877400 -0.023852 -0.088989 0.995747 -4.354200 0.000000 0.000000 0.000000 1.000000
0.999715 0.001392 0.023823 -0.000000 -0.003522 0.995971 0.089602 13.877400 -0.023602 -0.089660 0.995693 -4.354200 0.000000 0.000000 0.000000 1.000000
0.999716 0.001997 0.023748 0.000000 -0.004128 0.995929 0.090052 13.877400 -0.023472 -0.090124 0.995654 -4.354200 0.000000 0.000000 0.000000 1.000000
0.999716 0.002480 0.023706 0.000000 -0.004609 0.995912 0.090214 13.877400 -0.023386 -0.090298 0.995640 -4.354200 0.000000 0.000000 0.000000 1.000000
0.999717 0.003045 0.023585 -0.000000 -0.005160 0.995917 0.090131 13.877400 -0.023214 -0.090228 0.995651 -4.354200 0.000000 0.000000 0.000000 1.000000</float_array><technique_common><accessor source="#swat_Neck-Matrix-animation-output-transform-array" count="36" stride="16"><param type="float4x4"/></accessor></technique_common></source><source id="swat_Neck-Interpolations"><Name_array id="swat_Neck-Interpolations-array" count="36">
 LINEAR LINEAR LINEAR LINEAR LINEAR LINEAR LINEAR LINEAR LINEAR LINEAR LINEAR
LINEAR LINEAR LINEAR LINEAR LINEAR LINEAR LINEAR LINEAR LINEAR LINEAR LINEAR LINEAR
LINEAR LINEAR LINEAR LINEAR LINEAR LINEAR LINEAR LINEAR LINEAR LINEAR LINEAR LINEAR
LINEAR</Name_array><technique_common><accessor source="#swat_Neck-Interpolations-array" count="36"><param type="name"/></accessor></technique_common></source><sampler id="swat_Neck-Matrix-animation-transform"><input semantic="INPUT" source="#swat_Neck-Matrix-animation-input"/><input semantic="OUTPUT" source="#swat_Neck-Matrix-animation-output-transform"/><input semantic="INTERPOLATION" source="#swat_Neck-Interpolations"/></sampler><channel source="#swat_Neck-Matrix-animation-transform" target="swat_Neck/matrix"/></animation>
    <animation id="swat_Neck1-anim" name="swat_Neck1"><source id="swat_Neck1-Matrix-animation-input"><float_array id="swat_Neck1-Matrix-animation-input-array" count="36">

0.000000 0.033333 0.066667 0.100000 0.133333 0.166667 0.200000 0.233333 0.266667 0.300000 0.333333 0.366667 0.400000 0.433333 0.466667 0.500000
0.533333 0.566667 0.600000 0.633333 0.666667 0.700000 0.733333 0.766667 0.800000 0.833333 0.866667 0.900000 0.933333 0.966667 1.000000 1.033333
1.066667 1.100000 1.133333 1.166667</float_array><technique_common><accessor source="#swat_Neck1-Matrix-animation-input-array" count="36"><param name="TIME" type="float"/></accessor></technique_common></source><source id="swat_Neck1-Matrix-animation-output-transform"><float_array id="swat_Neck1-Matrix-animation-output-transform-array" count="576">

0.999717 0.003045 0.023585 0.000000 -0.005160 0.995917 0.090130 4.340000 -0.023214 -0.090226 0.995651 0.926900 0.000000 0.000000 0.000000 1.000000
0.999717 0.003199 0.023588 0.000000 -0.005312 0.995921 0.090069 4.340000 -0.023204 -0.090169 0.995656 0.926900 0.000000 0.000000 0.000000 1.000000
0.999713 0.003516 0.023676 -0.000000 -0.005634 0.995929 0.089970 4.340000 -0.023263 -0.090078 0.995663 0.926900 0.000000 0.000000 0.000000 1.000000
0.999709 0.003862 0.023804 0.000000 -0.005990 0.995925 0.089988 4.340000 -0.023359 -0.090104 0.995658 0.926900 0.000000 0.000000 0.000000 1.000000
0.999707 0.004061 0.023863 0.000000 -0.006198 0.995907 0.090166 4.340000 -0.023399 -0.090287 0.995641 0.926900 0.000000 0.000000 0.000000 1.000000
0.999707 0.004131 0.023851 0.000000 -0.006267 0.995906 0.090182 4.340000 -0.023381 -0.090305 0.995640 0.926900 0.000000 0.000000 0.000000 1.000000
0.999704 0.004424 0.023926 -0.000000 -0.006551 0.995960 0.089559 4.340000 -0.023433 -0.089689 0.995694 0.926900 0.000000 0.000000 0.000000 1.000000
0.999695 0.005077 0.024178 0.000000 -0.007199 0.996050 0.088501 4.340000 -0.023634 -0.088648 0.995783 0.926900 0.000000 0.000000 0.000000 1.000000
0.999690 0.004813 0.024426 -0.000000 -0.006950 0.996079 0.088200 4.340000 -0.023906 -0.088342 0.995803 0.926900 0.000000 0.000000 0.000000 1.000000
0.999701 0.001543 0.024404 0.000000 -0.003721 0.995984 0.089455 4.340000 -0.024168 -0.089519 0.995692 0.926900 0.000000 0.000000 0.000000 1.000000
0.999692 -0.004844 0.024338 0.000000 0.002599 0.995809 0.091425 4.340000 -0.024679 -0.091334 0.995514 0.926900 0.000000 0.000000 0.000000 1.000000
0.999609 -0.012350 0.025100 0.000000 0.009961 0.995600 0.093171 4.340000 -0.026140 -0.092885 0.995334 0.926900 0.000000 0.000000 0.000000 1.000000
0.999446 -0.019440 0.027023 0.000000 0.016781 0.995304 0.095330 4.340000 -0.028749 -0.094824 0.995079 0.926900 0.000000 0.000000 0.000000 1.000000
0.999261 -0.025281 0.028958 0.000000 0.022320 0.994898 0.098385 4.340000 -0.031298 -0.097666 0.994727 0.926900 0.000000 0.000000 0.000000 1.000000
0.999162 -0.028436 0.029456 0.000000 0.025325 0.994557 0.101074 4.340000 -0.032169 -0.100244 0.994443 0.926900 0.000000 0.000000 0.000000 1.000000
0.999211 -0.027628 0.028518 0.000000 0.024598 0.994522 0.101592 4.340000 -0.031169 -0.100810 0.994417 0.926900 0.000000 0.000000 0.000000 1.000000
0.999340 -0.023732 0.027491 -0.000000 0.020891 0.994829 0.099391 4.340000 -0.029708 -0.098751 0.994669 0.926900 0.000000 0.000000 0.000000 1.000000
