<?xml version="1.0" encoding="utf-8"?>
<COLLADA xmlns="http://www.collada.org/2005/11/COLLADASchema" version="1.4.1">
  <asset><contributor><author>Mixamo</author><authoring_tool>COLLADA Mixamo exporter</authoring_tool><comments></comments></contributor><created>2018-12-18T19:04:41Z</created><modified>2018-12-18T19:04:41Z</modified><revision></revision><title></title><unit meter="0.010000"/><up_axis>Y_UP</up_axis></asset>
  <library_animations>
    <animation id="swat_Hips-anim" name="swat_Hips"><source id="swat_Hips-Matrix-animation-input"><float_array id="swat_Hips-Matrix-animation-input-array" count="110">

0.000000 0.033333 0.066667 0.100000 0.133333 0.166667 0.200000 0.233333 0.266667 0.300000 0.333333 0.366667 0.400000 0.433333 0.466667 0.500000
0.533333 0.566667 0.600000 0.633333 0.666667 0.700000 0.733333 0.766667 0.800000 0.833333 0.866667 0.900000 0.933333 0.966667 1.000000 1.033333
1.066667 1.100000 1.133333 1.166667 1.200000 1.233333 1.266667 1.300000 1.333333 1.366667 1.400000 1.433333 1.466667 1.500000 1.533333 1.566667
1.600000 1.633333 1.666667 1.700000 1.733333 1.766667 1.800000 1.833333 1.866667 1.900000 1.933333 1.966667 2.000000 2.033333 2.066667 2.100000
2.133333 2.166667 2.200000 2.233333 2.266667 2.300000 2.333333 2.366667 2.400000 2.433333 2.466667 2.500000 2.533333 2.566667 2.600000 2.633333
2.666667 2.700000 2.733333 2.766667 2.800000 2.833333 2.866667 2.900000 2.933333 2.966667 3.000000 3.033333 3.066667 3.100000 3.133333 3.166667
3.200000 3.233333 3.266667 3.300000 3.333333 3.366667 3.400000 3.433333 3.466667 3.500000 3.533333 3.566667 3.600000 3.633333</float_array><technique_common><accessor source="#swat_Hips-Matrix-animation-input-array" count="110"><param name="TIME" type="float"/></accessor></technique_common></source><source id="swat_Hips-Matrix-animation-output-transform"><float_array id="swat_Hips-Matrix-animation-output-transform-array" count="1760">

0.522820 -0.060230 -0.850312 0.280765 0.069873 0.997172 -0.027671 85.648598 0.849574 -0.044947 0.525550 0.120389 0.000000 0.000000 0.000000 1.000000
0.520306 -0.058411 -0.851980 -0.030716 0.064417 0.997500 -0.029048 85.578888 0.851547 -0.039768 0.522768 -0.169676 0.000000 0.000000 0.000000 1.000000
0.518112 0.003556 -0.855305 -1.929889 0.038919 0.998858 0.027728 86.000923 0.854427 -0.047654 0.517382 0.492630 0.000000 0.000000 0.000000 1.000000
0.533540 0.124747 -0.836524 -4.510231 0.022588 0.986608 0.161535 86.700211 0.845473 -0.105081 0.523577 2.031432 0.000000 0.000000 0.000000 1.000000
0.523623 0.133229 -0.841468 -5.054237 0.035331 0.983451 0.177694 87.462616 0.851217 -0.122774 0.510251 3.488175 0.000000 0.000000 0.000000 1.000000
0.535683 0.110899 -0.837105 -4.080992 0.071241 0.981869 0.175666 88.203217 0.841408 -0.153738 0.518070 4.558562 0.000000 0.000000 0.000000 1.000000
0.609888 0.082960 -0.788133 -2.869033 0.089440 0.980946 0.172468 88.872055 0.787424 -0.175677 0.590847 5.235148 0.000000 0.000000 0.000000 1.000000
0.688410 0.058903 -0.722926 -1.904641 0.102211 0.978873 0.177088 89.317795 0.718084 -0.195800 0.667845 5.677086 0.000000 0.000000 0.000000 1.000000
0.743390 0.034090 -0.667989 -1.375265 0.111916 0.978281 0.174474 89.585381 0.659429 -0.204461 0.723429 6.030696 0.000000 0.000000 0.000000 1.000000
0.782469 0.023900 -0.622231 -1.194666 0.120022 0.974737 0.188370 89.727669 0.611013 -0.222075 0.759832 6.252977 0.000000 0.000000 0.000000 1.000000
0.809413 0.016819 -0.586998 -1.158277 0.125668 0.971472 0.201120 89.798737 0.573635 -0.236556 0.784209 6.404624 0.000000 0.000000 0.000000 1.000000
0.824861 0.015957 -0.565110 -1.272942 0.120574 0.971637 0.203431 89.845642 0.552328 -0.235940 0.799541 6.539666 0.000000 0.000000 0.000000 1.000000
0.833145 0.013548 -0.552888 -1.436908 0.117700 0.972455 0.201191 89.875809 0.540385 -0.232696 0.808602 6.633322 0.000000 0.000000 0.000000 1.000000
0.839562 0.010511 -0.543162 -1.645486 0.117509 0.972630 0.200455 89.889969 0.530403 -0.232121 0.815348 6.682442 0.000000 0.000000 0.000000 1.000000
0.847717 0.007620 -0.530394 -1.943840 0.117004 0.972583 0.200977 89.894089 0.517384 -0.232430 0.823584 6.703763 0.000000 0.000000 0.000000 1.000000
0.861046 0.006704 -0.508483 -2.356935 0.115624 0.971143 0.208597 89.881508 0.495209 -0.238404 0.835423 6.682025 0.000000 0.000000 0.000000 1.000000
0.879131 0.002997 -0.476571 -2.838263 0.113654 0.969810 0.215756 89.857590 0.462830 -0.243841 0.852250 6.641595 0.000000 0.000000 0.000000 1.000000
0.892772 0.001352 -0.450507 -3.232539 0.109823 0.969174 0.220546 89.829910 0.436918 -0.246373 0.865103 6.595138 0.000000 0.000000 0.000000 1.000000
0.899184 0.004342 -0.437550 -3.441021 0.107455 0.967139 0.230423 89.792717 0.424173 -0.254209 0.869169 6.514073 0.000000 0.000000 0.000000 1.000000
0.900217 0.003963 -0.435423 -3.537284 0.108492 0.966382 0.233097 89.756462 0.421709 -0.257078 0.869524 6.440494 0.000000 0.000000 0.000000 1.000000
0.899309 0.005562 -0.437279 -3.548433 0.108489 0.965824 0.235404 89.714714 0.423644 -0.259141 0.867970 6.358573 0.000000 0.000000 0.000000 1.000000
0.902478 0.003152 -0.430724 -3.513012 0.110718 0.964677 0.239040 89.662788 0.416263 -0.263418 0.870251 6.258945 0.000000 0.000000 0.000000 1.000000
0.912935 0.000207 -0.408104 -3.600825 0.108447 0.963924 0.243085 89.596786 0.393431 -0.266178 0.879978 6.156593 0.000000 0.000000 0.000000 1.000000
0.926043 -0.001912 -0.377414 -3.733630 0.103558 0.962895 0.249218 89.487137 0.362933 -0.269871 0.891880 6.043681 0.000000 0.000000 0.000000 1.000000
0.939224 -0.003267 -0.343291 -3.927188 0.097121 0.961635 0.256565 89.395340 0.329282 -0.274312 0.903508 5.923814 0.000000 0.000000 0.000000 1.000000
0.952277 -0.003124 -0.305220 -4.199087 0.086433 0.961780 0.259824 89.271622 0.292743 -0.273806 0.916151 5.821079 0.000000 0.000000 0.000000 1.000000
0.963921 -0.002011 -0.266182 -4.563034 0.074866 0.961655 0.263846 89.167145 0.255444 -0.274255 0.927110 5.659125 0.000000 0.000000 0.000000 1.000000
0.972898 -0.004944 -0.231181 -4.879752 0.068564 0.960979 0.267991 89.113846 0.220835 -0.276578 0.935273 5.541610 0.000000 0.000000 0.000000 1.000000
0.982034 -0.002945 -0.188683 -5.290538 0.055275 0.960511 0.272696 88.971184 0.180430 -0.278227 0.943417 5.292007 0.000000 0.000000 0.000000 1.000000
0.989086 -0.005512 -0.147239 -5.667944 0.045781 0.961337 0.271544 88.799545 0.140050 -0.275321 0.951097 4.992812 0.000000 0.000000 0.000000 1.000000
0.994320 -0.009428 -0.106017 -5.997410 0.038298 0.961044 0.273729 88.580963 0.099306 -0.276234 0.955946 4.682601 0.000000 0.000000 0.000000 1.000000
0.997898 -0.010540 -0.063934 -6.290781 0.027781 0.960990 0.275184 88.334785 0.058539 -0.276382 0.959263 4.352119 0.000000 0.000000 0.000000 1.000000
0.999716 -0.010367 -0.021478 -6.563901 0.015883 0.961219 0.275328 88.082069 0.017791 -0.275591 0.961110 3.983700 0.000000 0.000000 0.000000 1.000000
0.999643 -0.011288 0.024208 -6.792924 0.004226 0.961729 0.273971 87.817032 -0.026374 -0.273771 0.961433 3.552123 0.000000 0.000000 0.000000 1.000000
0.997407 -0.009052 0.071397 -6.994373 -0.010570 0.962876 0.269738 87.525696 -0.071188 -0.269793 0.960283 3.011865 0.000000 0.000000 0.000000 1.000000
0.993043 -0.005761 0.117610 -7.099309 -0.025720 0.964072 0.264391 87.247406 -0.114908 -0.265577 0.957217 2.036737 0.000000 0.000000 0.000000 1.000000
0.987771 -0.002432 0.155896 -7.137624 -0.038321 0.965419 0.257870 86.990746 -0.151132 -0.260690 0.953520 1.053560 0.000000 0.000000 0.000000 1.000000
0.982608 -0.000845 0.185693 -7.103292 -0.046862 0.966495 0.252371 86.719513 -0.179684 -0.256683 0.949646 0.059601 0.000000 0.000000 0.000000 1.000000
0.977782 -0.000045 0.209627 -7.023010 -0.053587 0.966722 0.250156 86.443077 -0.202662 -0.255831 0.945240 -0.965099 0.000000 0.000000 0.000000 1.000000
0.973201 0.000362 0.229954 -6.866413 -0.058769 0.967181 0.247198 86.134102 -0.222318 -0.254087 0.941283 -2.007551 0.000000 0.000000 0.000000 1.000000
0.968195 -0.000198 0.250197 -6.683774 -0.063687 0.966865 0.247216 85.815117 -0.241956 -0.255288 0.936101 -3.091937 0.000000 0.000000 0.000000 1.000000
0.962402 0.000889 0.271629 -6.497283 -0.072343 0.964715 0.253161 85.449646 -0.261819 -0.263293 0.928508 -4.241686 0.000000 0.000000 0.000000 1.000000
0.956740 0.002340 0.290934 -6.237390 -0.081874 0.961722 0.261511 84.996094 -0.279186 -0.274018 0.920309 -5.449562 0.000000 0.000000 0.000000 1.000000
0.950379 0.000696 0.311093 -5.927125 -0.089756 0.958085 0.272060 84.427025 -0.297864 -0.286483 0.910607 -6.720072 0.000000 0.000000 0.000000 1.000000
0.943266 -0.004635 0.332004 -5.600770 -0.094879 0.954448 0.282889 83.762596 -0.318192 -0.298340 0.899859 -8.055689 0.000000 0.000000 0.000000 1.000000
0.937761 -0.019596 0.346728 -5.151875 -0.088051 0.952367 0.291967 82.938354 -0.335933 -0.304325 0.891367 -9.437637 0.000000 0.000000 0.000000 1.000000
0.935079 -0.025678 0.353508 -4.913917 -0.089436 0.948005 0.305431 81.860138 -0.342970 -0.317218 0.884163 -10.941465 0.000000 0.000000 0.000000 1.000000
0.932969 -0.028837 0.358799 -4.556108 -0.087774 0.948471 0.304464 80.654083 -0.349091 -0.315549 0.882363 -12.472355 0.000000 0.000000 0.000000 1.000000
0.934706 -0.033607 0.353830 -4.297152 -0.084600 0.945870 0.313325 79.327942 -0.345207 -0.322801 0.881267 -14.144007 0.000000 0.000000 0.000000 1.000000
0.933903 -0.038779 0.355418 -3.999744 -0.081825 0.944533 0.318059 77.749687 -0.348038 -0.326118 0.878929 -15.901127 0.000000 0.000000 0.000000 1.000000
0.927019 -0.040347 0.372838 -3.726489 -0.086337 0.944528 0.316880 75.976776 -0.364941 -0.325943 0.872112 -17.763498 0.000000 0.000000 0.000000 1.000000
0.912703 -0.034888 0.407132 -3.464182 -0.103581 0.944053 0.313105 74.008041 -0.395277 -0.327943 0.858026 -19.751810 0.000000 0.000000 0.000000 1.000000
0.895042 -0.022351 0.445421 -3.258777 -0.129383 0.942778 0.307294 71.743980 -0.426802 -0.332671 0.840934 -21.853281 0.000000 0.000000 0.000000 1.000000
0.876493 -0.012156 0.481260 -2.943274 -0.154511 0.939690 0.305137 69.013840 -0.455945 -0.341811 0.821754 -24.584192 0.000000 0.000000 0.000000 1.000000
0.851526 -0.007806 0.524254 -2.501136 -0.182977 0.932600 0.311089 66.012512 -0.491348 -0.360827 0.792705 -27.887165 0.000000 0.000000 0.000000 1.000000
0.821025 0.002813 0.570886 -2.173306 -0.222768 0.922294 0.315831 62.686993 -0.525636 -0.386480 0.757852 -31.300043 0.000000 0.000000 0.000000 1.000000
0.782203 0.014906 0.622846 -1.870550 -0.267676 0.910783 0.314364 58.884270 -0.562591 -0.412617 0.716407 -34.682064 0.000000 0.000000 0.000000 1.000000
0.739602 0.022506 0.672668 -1.652159 -0.311349 0.897513 0.312301 54.410122 -0.596700 -0.440413 0.670810 -38.166706 0.000000 0.000000 0.000000 1.000000
0.705968 0.028558 0.707668 -1.542745 -0.344811 0.886632 0.308202 49.402191 -0.618639 -0.461592 0.635781 -41.733242 0.000000 0.000000 0.000000 1.000000
0.683572 0.034987 0.729044 -1.444824 -0.378998 0.870649 0.313577 43.987339 -0.623770 -0.490659 0.608412 -45.351498 0.000000 0.000000 0.000000 1.000000
0.669125 0.048357 0.741575 -1.149697 -0.424164 0.844224 0.327674 37.847504 -0.610210 -0.533804 0.585403 -48.951866 0.000000 0.000000 0.000000 1.000000
0.657754 0.069525 0.750017 -0.705484 -0.478427 0.807641 0.344707 31.122253 -0.581779 -0.585561 0.564492 -52.453606 0.000000 0.000000 0.000000 1.000000
0.658960 0.092461 0.746473 -0.019902 -0.534771 0.755486 0.378499 23.936331 -0.528953 -0.648608 0.547281 -56.060787 0.000000 0.000000 0.000000 1.000000
0.684654 0.118776 0.719126 0.405396 -0.596653 0.658015 0.459370 16.599846 -0.418634 -0.743578 0.521381 -59.869595 0.000000 0.000000 0.000000 1.000000
0.777566 0.110576 0.619002 -0.000697 -0.583732 0.492911 0.645210 11.848179 -0.233768 -0.863025 0.447817 -62.561321 0.000000 0.000000 0.000000 1.000000
0.838052 0.155079 0.523086 -1.375116 -0.542698 0.335539 0.769995 11.138802 -0.056106 -0.929174 0.365361 -64.771538 0.000000 0.000000 0.000000 1.000000
0.812941 0.211880 0.542434 -2.540494 -0.578247 0.183365 0.794989 12.829243 0.068979 -0.959940 0.271584 -66.333527 0.000000 0.000000 0.000000 1.000000
0.793477 0.202728 0.573843 -2.451315 -0.593516 0.049137 0.803321 15.194992 0.134659 -0.978002 0.159311 -69.325974 0.000000 0.000000 0.000000 1.000000
0.792674 0.175708 0.583776 -2.487978 -0.581864 -0.067723 0.810461 16.969540 0.181940 -0.982110 0.048556 -72.804527 0.000000 0.000000 0.000000 1.000000
0.798273 0.195556 0.569665 -3.486463 -0.545271 -0.167071 0.821442 18.353889 0.255812 -0.966357 -0.026738 -75.479843 0.000000 0.000000 0.000000 1.000000
0.805153 0.232160 0.545738 -4.216631 -0.496814 -0.238514 0.834438 19.385389 0.323890 -0.942981 -0.076700 -77.778320 0.000000 0.000000 0.000000 1.000000
0.813097 0.259868 0.520904 -4.581684 -0.455986 -0.271933 0.847425 20.432808 0.361869 -0.926564 -0.102612 -79.972099 0.000000 0.000000 0.000000 1.000000
0.819637 0.265448 0.507674 -5.005146 -0.428162 -0.304928 0.850703 21.214092 0.380621 -0.914635 -0.136276 -81.970047 0.000000 0.000000 0.000000 1.000000
0.827439 0.260400 0.497531 -5.664207 -0.406798 -0.332817 0.850734 21.750952 0.387118 -0.906325 -0.169456 -83.564674 0.000000 0.000000 0.000000 1.000000
0.835338 0.267905 0.480040 -6.526385 -0.380037 -0.349530 0.856388 22.017141 0.397219 -0.897806 -0.190162 -84.753326 0.000000 0.000000 0.000000 1.000000
0.840043 0.285318 0.461434 -7.481816 -0.348408 -0.368248 0.861977 22.037645 0.415860 -0.884865 -0.209937 -85.707451 0.000000 0.000000 0.000000 1.000000
0.847163 0.298830 0.439334 -8.326756 -0.313679 -0.386101 0.867486 21.868536 0.428858 -0.872712 -0.233353 -86.380363 0.000000 0.000000 0.000000 1.000000
0.863113 0.308827 0.399577 -9.090958 -0.265470 -0.395627 0.879207 21.513512 0.429607 -0.864930 -0.259487 -86.681923 0.000000 0.000000 0.000000 1.000000
0.880141 0.323638 0.347289 -9.861362 -0.212085 -0.386429 0.897604 20.940727 0.424701 -0.863673 -0.271473 -86.701195 0.000000 0.000000 0.000000 1.000000
0.893588 0.340433 0.292585 -10.577370 -0.165505 -0.356015 0.919707 20.075453 0.417263 -0.870264 -0.261787 -86.584465 0.000000 0.000000 0.000000 1.000000
0.904471 0.350498 0.243070 -11.161261 -0.130229 -0.315737 0.939867 19.027775 0.406168 -0.881738 -0.239930 -86.393517 0.000000 0.000000 0.000000 1.000000
0.912938 0.354649 0.201911 -11.572195 -0.103888 -0.276498 0.955383 18.046169 0.394653 -0.893181 -0.215582 -86.184410 0.000000 0.000000 0.000000 1.000000
0.918395 0.356811 0.170985 -11.901524 -0.087207 -0.238975 0.967102 17.199764 0.385934 -0.903093 -0.188357 -85.850037 0.000000 0.000000 0.000000 1.000000
0.921910 0.359177 0.145166 -12.220493 -0.076440 -0.198695 0.977076 16.480091 0.379787 -0.911873 -0.155723 -85.414658 0.000000 0.000000 0.000000 1.000000
0.926513 0.356579 0.120108 -12.520281 -0.071146 -0.147429 0.986510 15.732433 0.369476 -0.922560 -0.111226 -84.859154 0.000000 0.000000 0.000000 1.000000
0.932101 0.351278 0.088272 -12.770268 -0.065440 -0.076371 0.994930 14.754097 0.356238 -0.933151 -0.048197 -84.127792 0.000000 0.000000 0.000000 1.000000
0.935185 0.350669 0.049607 -13.059805 -0.053980 0.002702 0.998538 13.812510 0.350023 -0.936495 0.021456 -83.195908 0.000000 0.000000 0.000000 1.000000
0.938344 0.345650 0.006059 -13.428289 -0.037740 0.085001 0.995666 12.821446 0.343637 -0.934506 0.092805 -82.492172 0.000000 0.000000 0.000000 1.000000
0.942959 0.329965 -0.044175 -13.874324 -0.007761 0.154445 0.987971 12.150535 0.332818 -0.931273 0.148196 -81.959854 0.000000 0.000000 0.000000 1.000000
0.936639 0.337296 -0.094548 -14.114431 0.033094 0.183497 0.982463 11.803375 0.348730 -0.923342 0.160708 -81.456589 0.000000 0.000000 0.000000 1.000000
0.928451 0.355305 -0.108335 -14.761597 0.053846 0.159834 0.985674 12.002075 0.367531 -0.920984 0.129267 -80.606316 0.000000 0.000000 0.000000 1.000000
0.930244 0.358679 -0.077435 -14.922956 0.034215 0.125321 0.991526 12.523644 0.365343 -0.925010 0.104306 -80.499596 0.000000 0.000000 0.000000 1.000000
0.933248 0.354702 -0.056876 -14.930521 0.020262 0.106098 0.994149 12.641804 0.358661 -0.928940 0.091828 -80.664284 0.000000 0.000000 0.000000 1.000000
0.933064 0.355874 -0.052389 -14.970501 0.018482 0.098021 0.995013 12.410798 0.359234 -0.929379 0.084883 -80.772308 0.000000 0.000000 0.000000 1.000000
0.932523 0.356997 -0.054349 -14.879688 0.022237 0.093450 0.995376 12.080628 0.360425 -0.929419 0.079205 -80.964043 0.000000 0.000000 0.000000 1.000000
0.933492 0.354896 -0.051401 -14.506686 0.021402 0.087945 0.995895 11.795548 0.357959 -0.930760 0.074500 -81.433540 0.000000 0.000000 0.000000 1.000000
0.934684 0.351780 -0.051145 -14.115998 0.020350 0.090689 0.995671 11.450749 0.354896 -0.931679 0.077607 -81.844742 0.000000 0.000000 0.000000 1.000000
0.935116 0.349687 -0.057239 -13.944905 0.024758 0.096665 0.995009 11.108545 0.353475 -0.931866 0.081735 -81.959145 0.000000 0.000000 0.000000 1.000000
0.934195 0.352632 -0.054129 -13.905160 0.024818 0.087123 0.995888 11.033187 0.355898 -0.931697 0.072638 -81.990257 0.000000 0.000000 0.000000 1.000000
0.934358 0.354827 -0.032756 -13.882232 0.009331 0.067530 0.997674 11.140172 0.356214 -0.932490 0.059786 -82.083916 0.000000 0.000000 0.000000 1.000000
0.934624 0.355253 -0.016499 -13.851993 -0.002914 0.054041 0.998534 11.215073 0.355624 -0.933207 0.051543 -82.071808 0.000000 0.000000 0.000000 1.000000
0.934265 0.355960 -0.021016 -13.825266 -0.000840 0.061135 0.998129 11.074993 0.356579 -0.932499 0.057415 -82.048920 0.000000 0.000000 0.000000 1.000000
0.933782 0.356484 -0.031139 -13.861448 0.006203 0.070880 0.997466 10.948208 0.357788 -0.931609 0.063975 -81.966843 0.000000 0.000000 0.000000 1.000000
0.933832 0.355443 -0.040228 -13.906846 0.013040 0.078557 0.996824 10.860245 0.357475 -0.931391 0.068724 -81.861900 0.000000 0.000000 0.000000 1.000000
0.934070 0.353416 -0.051091 -13.955420 0.020510 0.089743 0.995754 10.744360 0.356501 -0.931152 0.076578 -81.778358 0.000000 0.000000 0.000000 1.000000
0.933597 0.354247 -0.053907 -14.034334 0.022761 0.091512 0.995544 10.749345 0.357601 -0.930664 0.077373 -81.722565 0.000000 0.000000 0.000000 1.000000
0.932863 0.357066 -0.047646 -14.100255 0.018954 0.083429 0.996333 10.808283 0.359732 -0.930346 0.071060 -81.733711 0.000000 0.000000 0.000000 1.000000
0.932782 0.357455 -0.046294 -14.115867 0.018758 0.080120 0.996609 10.808609 0.359952 -0.930487 0.068030 -81.756104 0.000000 0.000000 0.000000 1.000000
0.932484 0.357954 -0.048397 -14.127247 0.021504 0.078735 0.996664 10.777267 0.360571 -0.930414 0.065722 -81.799416 0.000000 0.000000 0.000000 1.000000
0.932431 0.357819 -0.050377 -14.135783 0.023935 0.077946 0.996670 10.756807 0.360554 -0.930532 0.064115 -81.838539 0.000000 0.000000 0.000000 1.000000</float_array><technique_common><accessor source="#swat_Hips-Matrix-animation-output-transform-array" count="110" stride="16"><param type="float4x4"/></accessor></technique_common></source><source id="swat_Hips-Interpolations"><Name_array id="swat_Hips-Interpolations-array" count="110">
 LINEAR LINEAR LINEAR LINEAR LINEAR LINEAR LINEAR LINEAR LINEAR LINEAR LINEAR
LINEAR LINEAR LINEAR LINEAR LINEAR LINEAR LINEAR LINEAR LINEAR LINEAR LINEAR LINEAR
LINEAR LINEAR LINEAR LINEAR LINEAR LINEAR LINEAR LINEAR LINEAR LINEAR LINEAR LINEAR
LINEAR LINEAR LINEAR LINEAR LINEAR LINEAR LINEAR LINEAR LINEAR LINEAR LINEAR LINEAR
LINEAR LINEAR LINEAR LINEAR LINEAR LINEAR LINEAR LINEAR LINEAR LINEAR LINEAR LINEAR
LINEAR LINEAR LINEAR LINEAR LINEAR LINEAR LINEAR LINEAR LINEAR LINEAR LINEAR LINEAR
LINEAR LINEAR LINEAR LINEAR LINEAR LINEAR LINEAR LINEAR LINEAR LINEAR LINEAR LINEAR
LINEAR LINEAR LINEAR LINEAR LINEAR LINEAR LINEAR LINEAR LINEAR LINEAR LINEAR LINEAR
LINEAR LINEAR LINEAR LINEAR LINEAR LINEAR LINEAR LINEAR LINEAR LINEAR LINEAR LINEAR
LINEAR LINEAR LINEAR</Name_array><technique_common><accessor source="#swat_Hips-Interpolations-array" count="110"><param type="name"/></accessor></technique_common></source><sampler id="swat_Hips-Matrix-animation-transform"><input semantic="INPUT" source="#swat_Hips-Matrix-animation-input"/><input semantic="OUTPUT" source="#swat_Hips-Matrix-animation-output-transform"/><input semantic="INTERPOLATION" source="#swat_Hips-Interpolations"/></sampler><channel source="#swat_Hips-Matrix-animation-transform" target="swat_Hips/matrix"/></animation>
    <animation id="swat_Spine-anim" name="swat_Spine"><source id="swat_Spine-Matrix-animation-input"><float_array id="swat_Spine-Matrix-animation-input-array" count="110">

0.000000 0.033333 0.066667 0.100000 0.133333 0.166667 0.200000 0.233333 0.266667 0.300000 0.333333 0.366667 0.400000 0.433333 0.466667 0.500000
0.533333 0.566667 0.600000 0.633333 0.666667 0.700000 0.733333 0.766667 0.800000 0.833333 0.866667 0.900000 0.933333 0.966667 1.000000 1.033333
1.066667 1.100000 1.133333 1.166667 1.200000 1.233333 1.266667 1.300000 1.333333 1.366667 1.400000 1.433333 1.466667 1.500000 1.533333 1.566667
1.600000 1.633333 1.666667 1.700000 1.733333 1.766667 1.800000 1.833333 1.866667 1.900000 1.933333 1.966667 2.000000 2.033333 2.066667 2.100000
2.133333 2.166667 2.200000 2.233333 2.266667 2.300000 2.333333 2.366667 2.400000 2.433333 2.466667 2.500000 2.533333 2.566667 2.600000 2.633333
2.666667 2.700000 2.733333 2.766667 2.800000 2.833333 2.866667 2.900000 2.933333 2.966667 3.000000 3.033333 3.066667 3.100000 3.133333 3.166667
3.200000 3.233333 3.266667 3.300000 3.333333 3.366667 3.400000 3.433333 3.466667 3.500000 3.533333 3.566667 3.600000 3.633333</float_array><technique_common><accessor source="#swat_Spine-Matrix-animation-input-array" count="110"><param name="TIME" type="float"/></accessor></technique_common></source><source id="swat_Spine-Matrix-animation-output-transform"><float_array id="swat_Spine-Matrix-animation-output-transform-array" count="1760">

0.998814 0.048659 0.001734 -0.000000 -0.047397 0.979838 -0.194090 9.226300 -0.011143 0.193778 0.980982 1.577100 0.000000 0.000000 0.000000 1.000000
0.997488 0.070670 -0.004843 0.000000 -0.070281 0.978828 -0.192241 9.226300 -0.008846 0.192099 0.981336 1.577100 0.000000 0.000000 0.000000 1.000000
0.996927 0.077187 -0.013392 0.000000 -0.078334 0.980041 -0.182713 9.226300 -0.000979 0.183201 0.983075 1.577100 0.000000 0.000000 0.000000 1.000000
0.999014 0.041277 -0.016342 -0.000000 -0.043382 0.985840 -0.161982 9.226300 0.009425 0.162532 0.986658 1.577100 0.000000 0.000000 0.000000 1.000000
0.999884 0.001355 -0.015192 0.000000 -0.003132 0.993061 -0.117561 9.226300 0.014927 0.117595 0.992949 1.577100 0.000000 0.000000 0.000000 1.000000
0.999294 -0.036172 -0.010188 0.000000 0.034922 0.993991 -0.103737 9.226300 0.013879 0.103308 0.994553 1.577100 0.000000 0.000000 0.000000 1.000000
0.997675 -0.068036 -0.003925 -0.000000 0.067326 0.992916 -0.097901 9.226300 0.010558 0.097409 0.995188 1.577100 0.000000 0.000000 0.000000 1.000000
0.996412 -0.084637 0.000651 0.000000 0.084310 0.991831 -0.095727 9.226300 0.007457 0.095439 0.995407 1.577100 0.000000 0.000000 0.000000 1.000000
0.996357 -0.085257 0.002072 0.000000 0.085104 0.992410 -0.088769 9.226300 0.005512 0.088622 0.996050 1.577100 0.000000 0.000000 0.000000 1.000000
0.996899 -0.078661 0.002361 0.000000 0.078544 0.992653 -0.092038 9.226300 0.004897 0.091938 0.995753 1.577100 0.000000 0.000000 0.000000 1.000000
0.997340 -0.072788 0.003818 0.000000 0.072821 0.992820 -0.094902 9.226300 0.003117 0.094927 0.995479 1.577100 0.000000 0.000000 0.000000 1.000000
0.997254 -0.073809 0.006123 0.000000 0.074059 0.992969 -0.092348 9.226300 0.000736 0.092548 0.995708 1.577100 0.000000 0.000000 0.000000 1.000000
0.997107 -0.075451 0.009158 0.000000 0.075970 0.993022 -0.090202 9.226300 -0.002288 0.090637 0.995881 1.577100 0.000000 0.000000 0.000000 1.000000
0.996760 -0.079594 0.011581 0.000000 0.080308 0.992839 -0.088441 9.226300 -0.004458 0.089084 0.996014 1.577100 0.000000 0.000000 0.000000 1.000000
0.996452 -0.082656 0.015881 0.000000 0.083731 0.992681 -0.087024 9.226300 -0.008571 0.088045 0.996080 1.577100 0.000000 0.000000 0.000000 1.000000
0.996473 -0.081393 0.020393 0.000000 0.082887 0.992641 -0.088279 9.226300 -0.013057 0.089658 0.995887 1.577100 0.000000 0.000000 0.000000 1.000000
0.996811 -0.076835 0.021553 0.000000 0.078430 0.993125 -0.086897 9.226300 -0.014728 0.088310 0.995984 1.577100 0.000000 0.000000 0.000000 1.000000
0.996880 -0.075558 0.022851 0.000000 0.077242 0.993377 -0.085065 9.226300 -0.016273 0.086565 0.996113 1.577100 0.000000 0.000000 0.000000 1.000000
0.996553 -0.078699 0.026235 0.000000 0.080714 0.992885 -0.087544 9.226300 -0.019159 0.089360 0.995815 1.577100 0.000000 0.000000 0.000000 1.000000
0.996224 -0.081453 0.030057 0.000000 0.083809 0.992597 -0.087905 9.226300 -0.022674 0.090092 0.995675 1.577100 0.000000 0.000000 0.000000 1.000000
0.995765 -0.085495 0.033801 -0.000000 0.088208 0.992100 -0.089203 9.226300 -0.025908 0.091807 0.995440 1.577100 0.000000 0.000000 0.000000 1.000000
0.995903 -0.083374 0.035013 0.000000 0.086201 0.992294 -0.089008 9.226300 -0.027323 0.091662 0.995415 1.577100 0.000000 0.000000 0.000000 1.000000
0.996453 -0.077271 0.033332 0.000000 0.079853 0.993201 -0.084710 9.226300 -0.026560 0.087072 0.995848 1.577100 0.000000 0.000000 0.000000 1.000000
0.997050 -0.070306 0.030801 -0.000000 0.072593 0.994085 -0.080777 9.226300 -0.024940 0.082775 0.996256 1.577100 0.000000 0.000000 0.000000 1.000000
0.997554 -0.064311 0.027401 0.000000 0.066218 0.994940 -0.075564 9.226300 -0.022403 0.077193 0.996764 1.577100 0.000000 0.000000 0.000000 1.000000
0.998002 -0.058605 0.023628 0.000000 0.060091 0.995870 -0.068059 9.226300 -0.019541 0.069343 0.997401 1.577100 0.000000 0.000000 0.000000 1.000000
0.998433 -0.051836 0.021077 0.000000 0.053082 0.996561 -0.063624 9.226300 -0.017707 0.064643 0.997751 1.577100 0.000000 0.000000 0.000000 1.000000
0.998851 -0.043286 0.020559 -0.000000 0.044428 0.997280 -0.058812 9.226300 -0.017957 0.059657 0.998057 1.577100 0.000000 0.000000 0.000000 1.000000
0.999174 -0.035767 0.019301 -0.000000 0.036823 0.997668 -0.057466 9.226300 -0.017200 0.058129 0.998161 1.577100 0.000000 0.000000 0.000000 1.000000
0.999501 -0.025578 0.018544 0.000000 0.026560 0.998143 -0.054826 9.226300 -0.017107 0.055291 0.998324 1.577100 0.000000 0.000000 0.000000 1.000000
0.999705 -0.015351 0.018805 0.000000 0.016393 0.998266 -0.056535 9.226300 -0.017904 0.056827 0.998224 1.577100 0.000000 0.000000 0.000000 1.000000
0.999766 -0.007576 0.020268 -0.000000 0.008755 0.998237 -0.058704 9.226300 -0.019787 0.058868 0.998070 1.577100 0.000000 0.000000 0.000000 1.000000
0.999741 -0.000285 0.022777 0.000000 0.001667 0.998158 -0.060652 9.226300 -0.022717 0.060674 0.997899 1.577100 0.000000 0.000000 0.000000 1.000000
0.999655 0.008109 0.024988 0.000000 -0.006534 0.998027 -0.062452 9.226300 -0.025445 0.062267 0.997735 1.577100 0.000000 0.000000 0.000000 1.000000
0.999549 0.014606 0.026248 0.000000 -0.012911 0.997889 -0.063640 9.226300 -0.027122 0.063272 0.997628 1.577100 0.000000 0.000000 0.000000 1.000000
0.999486 0.017474 0.026860 0.000000 -0.015693 0.997752 -0.065145 9.226300 -0.027938 0.064690 0.997514 1.577100 0.000000 0.000000 0.000000 1.000000
0.999425 0.019939 0.027416 -0.000000 -0.018079 0.997622 -0.066514 9.226300 -0.028677 0.065980 0.997409 1.577100 0.000000 0.000000 0.000000 1.000000
0.999367 0.022116 0.027877 0.000000 -0.020169 0.997462 -0.068279 9.226300 -0.029317 0.067673 0.997277 1.577100 0.000000 0.000000 0.000000 1.000000
0.999332 0.023288 0.028150 0.000000 -0.021193 0.997141 -0.072528 9.226300 -0.029759 0.071882 0.996969 1.577100 0.000000 0.000000 0.000000 1.000000
0.999297 0.024607 0.028289 0.000000 -0.022388 0.996839 -0.076226 9.226300 -0.030075 0.075539 0.996689 1.577100 0.000000 0.000000 0.000000 1.000000
0.999278 0.025979 0.027735 0.000000 -0.023652 0.996419 -0.081178 9.226300 -0.029745 0.080463 0.996314 1.577100 0.000000 0.000000 0.000000 1.000000
0.999317 0.025428 0.026828 0.000000 -0.022956 0.995791 -0.088737 9.226300 -0.028971 0.088060 0.995694 1.577100 0.000000 0.000000 0.000000 1.000000
0.999378 0.023740 0.026078 0.000000 -0.021098 0.995032 -0.097297 9.226300 -0.028259 0.096686 0.994914 1.577100 0.000000 0.000000 0.000000 1.000000
0.999428 0.023608 0.024200 0.000000 -0.020867 0.993947 -0.107861 9.226300 -0.026600 0.107294 0.993871 1.577100 0.000000 0.000000 0.000000 1.000000
0.999486 0.024664 0.020489 -0.000000 -0.022039 0.992560 -0.119744 9.226300 -0.023290 0.119231 0.992593 1.577100 0.000000 0.000000 0.000000 1.000000
0.999359 0.032360 0.015335 0.000000 -0.030053 0.990764 -0.132222 9.226300 -0.019473 0.131677 0.991101 1.577100 0.000000 0.000000 0.000000 1.000000
0.999351 0.034414 0.010687 0.000000 -0.032455 0.988445 -0.148063 9.226300 -0.015658 0.147620 0.988920 1.577100 0.000000 0.000000 0.000000 1.000000
0.999318 0.036519 0.005530 0.000000 -0.035169 0.986550 -0.159631 9.226300 -0.011286 0.159328 0.987161 1.577100 0.000000 0.000000 0.000000 1.000000
0.999260 0.038382 0.002481 0.000000 -0.037406 0.984807 -0.169573 9.226300 -0.008952 0.169355 0.985514 1.577100 0.000000 0.000000 0.000000 1.000000
0.999214 0.039611 -0.001791 -0.000000 -0.039288 0.982946 -0.179651 9.226300 -0.005356 0.179580 0.983729 1.577100 0.000000 0.000000 0.000000 1.000000
0.999207 0.038926 -0.008317 -0.000000 -0.039797 0.981027 -0.189743 9.226300 0.000774 0.189924 0.981799 1.577100 0.000000 0.000000 0.000000 1.000000
0.999390 0.031420 -0.015249 0.000000 -0.033831 0.979360 -0.199270 9.226300 0.008673 0.199665 0.979826 1.577100 0.000000 0.000000 0.000000 1.000000
0.999639 0.018591 -0.019384 0.000000 -0.022191 0.978273 -0.206128 9.226300 0.015131 0.206483 0.978333 1.577100 0.000000 0.000000 0.000000 1.000000
0.999765 0.004047 -0.021306 0.000000 -0.008481 0.977165 -0.212315 9.226300 0.019960 0.212446 0.976969 1.577100 0.000000 0.000000 0.000000 1.000000
0.999652 -0.011601 -0.023687 0.000000 0.006066 0.975126 -0.221567 9.226300 0.025668 0.221346 0.974857 1.577100 0.000000 0.000000 0.000000 1.000000
0.999254 -0.029409 -0.025042 0.000000 0.022880 0.972991 -0.229708 9.226300 0.031122 0.228964 0.972937 1.577100 0.000000 0.000000 0.000000 1.000000
0.998701 -0.043628 -0.026323 0.000000 0.036304 0.971754 -0.233187 9.226300 0.035753 0.231928 0.972076 1.577100 0.000000 0.000000 0.000000 1.000000
0.998270 -0.052060 -0.027312 -0.000000 0.044128 0.970505 -0.237009 9.226300 0.038845 0.235394 0.971123 1.577100 0.000000 0.000000 0.000000 1.000000
0.998364 -0.050487 -0.026830 0.000000 0.042674 0.970333 -0.237974 9.226300 0.038049 0.236440 0.970901 1.577100 0.000000 0.000000 0.000000 1.000000
0.998471 -0.049429 -0.024734 0.000000 0.042002 0.969424 -0.241770 9.226300 0.035928 0.240362 0.970018 1.577100 0.000000 0.000000 0.000000 1.000000
0.998264 -0.054677 -0.021909 0.000000 0.047706 0.968662 -0.243759 9.226300 0.034551 0.242291 0.969588 1.577100 0.000000 0.000000 0.000000 1.000000
0.997652 -0.064982 -0.021645 0.000000 0.057882 0.968854 -0.240773 9.226300 0.036616 0.238955 0.970340 1.577100 0.000000 0.000000 0.000000 1.000000
0.996639 -0.080543 -0.014960 0.000000 0.074611 0.967847 -0.240221 9.226300 0.033828 0.238297 0.970603 1.577100 0.000000 0.000000 0.000000 1.000000
0.994669 -0.102840 -0.007639 0.000000 0.097629 0.962939 -0.251430 9.226300 0.033213 0.249344 0.967845 1.577100 0.000000 0.000000 0.000000 1.000000
0.997191 -0.073868 0.012417 0.000000 0.074212 0.951793 -0.297627 9.226300 0.010167 0.297713 0.954601 1.577100 0.000000 0.000000 0.000000 1.000000
0.999680 -0.022722 0.011104 -0.000000 0.024864 0.963290 -0.267308 9.226300 -0.004623 0.267499 0.963547 1.577100 0.000000 0.000000 0.000000 1.000000
0.999951 -0.008013 -0.005866 -0.000000 0.006718 0.980845 -0.194672 9.226300 0.007314 0.194623 0.980851 1.577100 0.000000 0.000000 0.000000 1.000000
0.999926 0.008415 -0.008834 0.000000 -0.009784 0.985628 -0.168649 9.226300 0.007288 0.168723 0.985637 1.577100 0.000000 0.000000 0.000000 1.000000
0.999886 0.009737 -0.011514 0.000000 -0.011830 0.980019 -0.198551 9.226300 0.009351 0.198664 0.980023 1.577100 0.000000 0.000000 0.000000 1.000000
0.999681 -0.015166 -0.020195 0.000000 0.009935 0.971301 -0.237648 9.226300 0.023220 0.237372 0.971141 1.577100 0.000000 0.000000 0.000000 1.000000
0.999111 -0.039439 -0.014876 0.000000 0.034303 0.965857 -0.256794 9.226300 0.024496 0.256055 0.966352 1.577100 0.000000 0.000000 0.000000 1.000000
0.998844 -0.047114 -0.009495 0.000000 0.043184 0.966509 -0.252974 9.226300 0.021095 0.252272 0.967426 1.577100 0.000000 0.000000 0.000000 1.000000
0.998924 -0.044520 -0.012988 0.000000 0.039608 0.964686 -0.260407 9.226300 0.024122 0.259612 0.965412 1.577100 0.000000 0.000000 0.000000 1.000000
0.999190 -0.032484 -0.023753 -0.000000 0.024730 0.961313 -0.274345 9.226300 0.031746 0.273535 0.961338 1.577100 0.000000 0.000000 0.000000 1.000000
0.999167 -0.024339 -0.032749 -0.000000 0.014239 0.960144 -0.279142 9.226300 0.038238 0.278443 0.959691 1.577100 0.000000 0.000000 0.000000 1.000000
0.999076 -0.022766 -0.036466 -0.000000 0.011547 0.959201 -0.282488 9.226300 0.041410 0.281806 0.958577 1.577100 0.000000 0.000000 0.000000 1.000000
0.998834 -0.021878 -0.043046 0.000000 0.008515 0.957303 -0.288960 9.226300 0.047530 0.288256 0.956373 1.577100 0.000000 0.000000 0.000000 1.000000
0.998652 -0.018188 -0.048609 -0.000000 0.002939 0.954898 -0.296920 9.226300 0.051817 0.296377 0.953664 1.577100 0.000000 0.000000 0.000000 1.000000
0.998988 -0.012593 -0.043170 0.000000 -0.000787 0.954948 -0.296771 9.226300 0.044962 0.296504 0.953973 1.577100 0.000000 0.000000 0.000000 1.000000
0.999436 -0.004190 -0.033325 0.000000 -0.005504 0.958341 -0.285573 9.226300 0.033133 0.285595 0.957777 1.577100 0.000000 0.000000 0.000000 1.000000
0.999649 0.006390 -0.025718 0.000000 -0.013100 0.962777 -0.269980 9.226300 0.023035 0.270222 0.962522 1.577100 0.000000 0.000000 0.000000 1.000000
0.999630 0.015578 -0.022302 0.000000 -0.020729 0.967079 -0.253629 9.226300 0.017616 0.253998 0.967044 1.577100 0.000000 0.000000 0.000000 1.000000
0.999483 0.023177 -0.022281 0.000000 -0.027795 0.971221 -0.236554 9.226300 0.016157 0.237051 0.971363 1.577100 0.000000 0.000000 0.000000 1.000000
0.999284 0.030245 -0.022740 0.000000 -0.034428 0.976082 -0.214660 9.226300 0.015704 0.215289 0.976424 1.577100 0.000000 0.000000 0.000000 1.000000
0.998791 0.043199 -0.023480 0.000000 -0.046858 0.980961 -0.188468 9.226300 0.014891 0.189341 0.981799 1.577100 0.000000 0.000000 0.000000 1.000000
0.998040 0.058160 -0.023095 0.000000 -0.060993 0.986618 -0.151210 9.226300 0.013992 0.152323 0.988232 1.577100 0.000000 0.000000 0.000000 1.000000
0.997474 0.067380 -0.022466 -0.000000 -0.069412 0.991815 -0.107164 9.226300 0.015061 0.108453 0.993987 1.577100 0.000000 0.000000 0.000000 1.000000
0.996672 0.078629 -0.021492 0.000000 -0.079832 0.994848 -0.062481 9.226300 0.016468 0.063989 0.997815 1.577100 0.000000 0.000000 0.000000 1.000000
0.995484 0.093041 -0.018826 0.000000 -0.093418 0.995421 -0.020255 9.226300 0.016855 0.021922 0.999618 1.577100 0.000000 0.000000 0.000000 1.000000
0.997014 0.076965 -0.006321 0.000000 -0.076941 0.997028 0.004012 9.226300 0.006611 -0.003513 0.999972 1.577100 0.000000 0.000000 0.000000 1.000000
0.998146 0.060863 -0.000993 0.000000 -0.060866 0.998141 -0.003173 9.226300 0.000798 0.003227 0.999994 1.577100 0.000000 0.000000 0.000000 1.000000
0.998125 0.060984 -0.005243 0.000000 -0.061068 0.997978 -0.017627 9.226300 0.004157 0.017914 0.999831 1.577100 0.000000 0.000000 0.000000 1.000000
0.997802 0.065839 -0.007508 0.000000 -0.066029 0.997405 -0.028679 9.226300 0.005600 0.029112 0.999560 1.577100 0.000000 0.000000 0.000000 1.000000
0.997871 0.064920 -0.006199 0.000000 -0.065114 0.997110 -0.039134 9.226300 0.003640 0.039455 0.999215 1.577100 0.000000 0.000000 0.000000 1.000000
0.997988 0.063182 -0.005355 -0.000000 -0.063363 0.996902 -0.046599 9.226300 0.002394 0.046845 0.998899 1.577100 0.000000 0.000000 0.000000 1.000000
0.998018 0.062548 -0.006971 0.000000 -0.062835 0.996550 -0.054213 9.226300 0.003556 0.054544 0.998505 1.577100 0.000000 0.000000 0.000000 1.000000
0.997976 0.062991 -0.008711 0.000000 -0.063386 0.996367 -0.056882 9.226300 0.005096 0.057319 0.998343 1.577100 0.000000 0.000000 0.000000 1.000000
0.997935 0.063204 -0.011426 -0.000000 -0.063754 0.996349 -0.056775 9.226300 0.007795 0.057386 0.998322 1.577100 0.000000 0.000000 0.000000 1.000000
0.997998 0.062428 -0.010180 0.000000 -0.062965 0.995839 -0.065880 9.226300 0.006025 0.066390 0.997776 1.577100 0.000000 0.000000 0.000000 1.000000
0.997991 0.061978 -0.013151 0.000000 -0.062814 0.995014 -0.077473 9.226300 0.008284 0.078144 0.996908 1.577100 0.000000 0.000000 0.000000 1.000000
0.997981 0.061739 -0.014886 -0.000000 -0.062778 0.994466 -0.084245 9.226300 0.009602 0.085009 0.996334 1.577100 0.000000 0.000000 0.000000 1.000000
0.997998 0.061681 -0.014011 0.000000 -0.062602 0.994880 -0.079345 9.226300 0.009045 0.080063 0.996749 1.577100 0.000000 0.000000 0.000000 1.000000
0.998021 0.061523 -0.013000 0.000000 -0.062308 0.995411 -0.072632 9.226300 0.008471 0.073299 0.997274 1.577100 0.000000 0.000000 0.000000 1.000000
0.998039 0.061394 -0.012215 0.000000 -0.062073 0.995859 -0.066415 9.226300 0.008087 0.067043 0.997717 1.577100 0.000000 0.000000 0.000000 1.000000
0.998044 0.061472 -0.011379 0.000000 -0.062033 0.996373 -0.058252 9.226300 0.007757 0.058844 0.998237 1.577100 0.000000 0.000000 0.000000 1.000000
0.998032 0.061701 -0.011209 0.000000 -0.062228 0.996533 -0.055228 9.226300 0.007762 0.055817 0.998411 1.577100 0.000000 0.000000 0.000000 1.000000
0.998013 0.061983 -0.011305 0.000000 -0.062524 0.996451 -0.056363 9.226300 0.007771 0.056958 0.998346 1.577100 0.000000 0.000000 0.000000 1.000000
0.997999 0.062187 -0.011451 0.000000 -0.062753 0.996313 -0.058495 9.226300 0.007771 0.059096 0.998222 1.577100 0.000000 0.000000 0.000000 1.000000
0.997980 0.062457 -0.011633 0.000000 -0.063053 0.996142 -0.061030 9.226300 0.007776 0.061641 0.998068 1.577100 0.000000 0.000000 0.000000 1.000000
0.997964 0.062678 -0.011797 0.000000 -0.063303 0.995981 -0.063365 9.226300 0.007778 0.063982 0.997921 1.577100 0.000000 0.000000 0.000000 1.000000</float_array><technique_common><accessor source="#swat_Spine-Matrix-animation-output-transform-array" count="110" stride="16"><param type="float4x4"/></accessor></technique_common></source><source id="swat_Spine-Interpolations"><Name_array id="swat_Spine-Interpolations-array" count="110">
 LINEAR LINEAR LINEAR LINEAR LINEAR LINEAR LINEAR LINEAR LINEAR LINEAR LINEAR
LINEAR LINEAR LINEAR LINEAR LINEAR LINEAR LINEAR LINEAR LINEAR LINEAR LINEAR LINEAR
LINEAR LINEAR LINEAR LINEAR LINEAR LINEAR LINEAR LINEAR LINEAR LINEAR LINEAR LINEAR
LINEAR LINEAR LINEAR LINEAR LINEAR LINEAR LINEAR LINEAR LINEAR LINEAR LINEAR LINEAR
LINEAR LINEAR LINEAR LINEAR LINEAR LINEAR LINEAR LINEAR LINEAR LINEAR LINEAR LINEAR
LINEAR LINEAR LINEAR LINEAR LINEAR LINEAR LINEAR LINEAR LINEAR LINEAR LINEAR LINEAR
LINEAR LINEAR LINEAR LINEAR LINEAR LINEAR LINEAR LINEAR LINEAR LINEAR LINEAR LINEAR
LINEAR LINEAR LINEAR LINEAR LINEAR LINEAR LINEAR LINEAR LINEAR LINEAR LINEAR LINEAR
LINEAR LINEAR LINEAR LINEAR LINEAR LINEAR LINEAR LINEAR LINEAR LINEAR LINEAR LINEAR
LINEAR LINEAR LINEAR</Name_array><technique_common><accessor source="#swat_Spine-Interpolations-array" count="110"><param type="name"/></accessor></technique_common></source><sampler id="swat_Spine-Matrix-animation-transform"><input semantic="INPUT" source="#swat_Spine-Matrix-animation-input"/><input semantic="OUTPUT" source="#swat_Spine-Matrix-animation-output-transform"/><input semantic="INTERPOLATION" source="#swat_Spine-Interpolations"/></sampler><channel source="#swat_Spine-Matrix-animation-transform" target="swat_Spine/matrix"/></animation>
    <animation id="swat_Spine1-anim" name="swat_Spine1"><source id="swat_Spine1-Matrix-animation-input"><float_array id="swat_Spine1-Matrix-animation-input-array" count="110">

0.000000 0.033333 0.066667 0.100000 0.133333 0.166667 0.200000 0.233333 0.266667 0.300000 0.333333 0.366667 0.400000 0.433333 0.466667 0.500000
0.533333 0.566667 0.600000 0.633333 0.666667 0.700000 0.733333 0.766667 0.800000 0.833333 0.866667 0.900000 0.933333 0.966667 1.000000 1.033333
1.066667 1.100000 1.133333 1.166667 1.200000 1.233333 1.266667 1.300000 1.333333 1.366667 1.400000 1.433333 1.466667 1.500000 1.533333 1.566667
