<?xml version="1.0" encoding="utf-8"?>
<COLLADA xmlns="http://www.collada.org/2005/11/COLLADASchema" version="1.4.1">
  <asset><contributor><author>Mixamo</author><authoring_tool>COLLADA Mixamo exporter</authoring_tool><comments></comments></contributor><created>2018-12-10T13:48:02Z</created><modified>2018-12-10T13:48:02Z</modified><revision></revision><title></title><unit meter="0.010000"/><up_axis>Y_UP</up_axis></asset>
  <library_animations>
    <animation id="swat_Hips-anim" name="swat_Hips"><source id="swat_Hips-Matrix-animation-input"><float_array id="swat_Hips-Matrix-animation-input-array" count="72">

0.000000 0.033333 0.066667 0.100000 0.133333 0.166667 0.200000 0.233333 0.266667 0.300000 0.333333 0.366667 0.400000 0.433333 0.466667 0.500000
0.533333 0.566667 0.600000 0.633333 0.666667 0.700000 0.733333 0.766667 0.800000 0.833333 0.866667 0.900000 0.933333 0.966667 1.000000 1.033333
1.066667 1.100000 1.133333 1.166667 1.200000 1.233333 1.266667 1.300000 1.333333 1.366667 1.400000 1.433333 1.466667 1.500000 1.533333 1.566667
1.600000 1.633333 1.666667 1.700000 1.733333 1.766667 1.800000 1.833333 1.866667 1.900000 1.933333 1.966667 2.000000 2.033333 2.066667 2.100000
2.133333 2.166667 2.200000 2.233333 2.266667 2.300000 2.333333 2.366667</float_array><technique_common><accessor source="#swat_Hips-Matrix-animation-input-array" count="72"><param name="TIME" type="float"/></accessor></technique_common></source><source id="swat_Hips-Matrix-animation-output-transform"><float_array id="swat_Hips-Matrix-animation-output-transform-array" count="1152">

0.583553 -0.120863 -0.803031 0.781302 -0.014740 0.987123 -0.159282 81.510918 0.811941 0.104787 0.574257 -0.596105 0.000000 0.000000 0.000000 1.000000
0.586820 -0.123221 -0.800287 0.744543 0.000422 0.988400 -0.151875 81.763596 0.809717 0.088786 0.580065 -0.646889 0.000000 0.000000 0.000000 1.000000
0.593293 -0.120202 -0.795962 0.731960 0.014385 0.990214 -0.138815 82.033058 0.804858 0.070908 0.589216 -0.686727 0.000000 0.000000 0.000000 1.000000
0.601189 -0.116641 -0.790549 0.793864 0.029071 0.991827 -0.124231 82.294586 0.798578 0.051704 0.599666 -0.792145 0.000000 0.000000 0.000000 1.000000
0.605743 -0.117046 -0.787005 1.004205 0.042294 0.992459 -0.115049 82.426712 0.794536 0.036405 0.606125 -1.026994 0.000000 0.000000 0.000000 1.000000
0.608010 -0.116661 -0.785311 1.414747 0.046266 0.992671 -0.111645 82.236572 0.792580 0.031548 0.608951 -1.391516 0.000000 0.000000 0.000000 1.000000
0.611556 -0.118770 -0.782236 2.001505 0.042546 0.992175 -0.117382 81.696671 0.790056 0.038505 0.611824 -1.966507 0.000000 0.000000 0.000000 1.000000
0.610406 -0.135568 -0.780401 2.612035 0.038776 0.989178 -0.141506 80.997429 0.791139 0.056115 0.609057 -2.528888 0.000000 0.000000 0.000000 1.000000
0.597831 -0.156288 -0.786239 3.052936 0.035503 0.985010 -0.168805 80.327072 0.800835 0.073003 0.594418 -2.875764 0.000000 0.000000 0.000000 1.000000
0.571671 -0.170872 -0.802493 3.287656 0.032774 0.982049 -0.185757 79.711952 0.819828 0.079891 0.567009 -2.957392 0.000000 0.000000 0.000000 1.000000
0.535283 -0.179316 -0.825420 3.406935 0.032769 0.980880 -0.191837 79.080315 0.844037 0.075639 0.530924 -2.852741 0.000000 0.000000 0.000000 1.000000
0.500204 -0.178915 -0.847222 3.255587 0.035105 0.981807 -0.186610 78.487015 0.865196 0.063602 0.497385 -2.573708 0.000000 0.000000 0.000000 1.000000
0.477514 -0.151016 -0.865549 2.375382 0.038450 0.987766 -0.151128 78.286110 0.877782 0.038885 0.477479 -2.084288 0.000000 0.000000 0.000000 1.000000
0.469566 -0.082439 -0.879040 0.481235 0.039837 0.996595 -0.072183 78.976341 0.881998 -0.001124 0.471251 -1.372406 0.000000 0.000000 0.000000 1.000000
0.474425 0.012752 -0.880203 -2.232779 0.032222 0.998973 0.031840 80.804436 0.879706 -0.043468 0.473528 -0.421336 0.000000 0.000000 0.000000 1.000000
0.483484 0.088852 -0.870832 -4.995569 0.020045 0.993450 0.112492 83.331467 0.875123 -0.071844 0.478537 0.240540 0.000000 0.000000 0.000000 1.000000
0.485587 0.126197 -0.865032 -7.417076 0.014927 0.988184 0.152543 85.494705 0.874061 -0.086985 0.477965 0.479321 0.000000 0.000000 0.000000 1.000000
0.479496 0.128852 -0.868033 -8.949922 0.016643 0.987648 0.155801 86.601624 0.877386 -0.089153 0.471428 0.583553 0.000000 0.000000 0.000000 1.000000
0.476766 0.120770 -0.870695 -9.669337 0.015520 0.989206 0.145706 86.935699 0.878893 -0.082981 0.469745 0.643852 0.000000 0.000000 0.000000 1.000000
0.477450 0.110791 -0.871646 -10.075763 0.012983 0.991021 0.133075 87.048424 0.878563 -0.074853 0.471724 0.699161 0.000000 0.000000 0.000000 1.000000
0.479567 0.099928 -0.871797 -10.353655 0.010130 0.992798 0.119369 87.076363 0.877447 -0.066076 0.475101 0.747618 0.000000 0.000000 0.000000 1.000000
0.482329 0.089121 -0.871445 -10.532449 0.007258 0.994371 0.105709 87.047470 0.875960 -0.057311 0.478967 0.791112 0.000000 0.000000 0.000000 1.000000
0.484914 0.079236 -0.870965 -10.641858 0.004766 0.995633 0.093231 86.989532 0.874549 -0.049360 0.482418 0.827913 0.000000 0.000000 0.000000 1.000000
0.486542 0.071182 -0.870753 -10.712351 0.002899 0.996538 0.083084 86.941177 0.873653 -0.042948 0.484651 0.859483 0.000000 0.000000 0.000000 1.000000
0.486246 0.066406 -0.871295 -10.728558 0.002293 0.997008 0.077266 86.917740 0.873819 -0.039568 0.484639 0.879810 0.000000 0.000000 0.000000 1.000000
0.483871 0.066047 -0.872644 -10.590653 0.003136 0.997011 0.077199 86.871147 0.875134 -0.040091 0.482217 0.880110 0.000000 0.000000 0.000000 1.000000
0.480720 0.066520 -0.874348 -10.474309 0.003309 0.996974 0.077669 86.810944 0.876868 -0.040231 0.479045 0.881617 0.000000 0.000000 0.000000 1.000000
0.477812 0.067292 -0.875881 -10.364791 0.003277 0.996918 0.078378 86.754089 0.878456 -0.040320 0.476119 0.883612 0.000000 0.000000 0.000000 1.000000
0.475138 0.068031 -0.877277 -10.255466 0.003179 0.996867 0.079027 86.706406 0.879906 -0.040337 0.473433 0.885083 0.000000 0.000000 0.000000 1.000000
0.472530 0.068833 -0.878623 -10.143436 0.003010 0.996813 0.079711 86.666504 0.881310 -0.040310 0.470817 0.886208 0.000000 0.000000 0.000000 1.000000
0.469987 0.069677 -0.879919 -10.030148 0.002784 0.996758 0.080416 86.636276 0.882669 -0.040244 0.468269 0.887045 0.000000 0.000000 0.000000 1.000000
0.467516 0.070552 -0.881165 -9.939383 0.002497 0.996701 0.081127 86.614792 0.883981 -0.040129 0.465797 0.845379 0.000000 0.000000 0.000000 1.000000
0.465119 0.071447 -0.882360 -9.882183 0.002144 0.996644 0.081831 86.600410 0.885246 -0.039953 0.463405 0.743920 0.000000 0.000000 0.000000 1.000000
0.462793 0.072323 -0.883511 -9.840949 0.001778 0.996589 0.082511 86.593513 0.886465 -0.039756 0.461086 0.619642 0.000000 0.000000 0.000000 1.000000
0.460532 0.073140 -0.884624 -9.798200 0.001461 0.996536 0.083153 86.594727 0.887642 -0.039587 0.458830 0.509451 0.000000 0.000000 0.000000 1.000000
0.458336 0.073857 -0.885705 -9.736527 0.001252 0.996487 0.083743 86.605675 0.888778 -0.039492 0.456633 0.450284 0.000000 0.000000 0.000000 1.000000
0.456203 0.074451 -0.886756 -9.655405 0.001174 0.996443 0.084264 86.626694 0.889875 -0.039482 0.454493 0.446358 0.000000 0.000000 0.000000 1.000000
0.454137 0.074914 -0.887777 -9.569582 0.001217 0.996405 0.084703 86.657776 0.890931 -0.039548 0.452414 0.472471 0.000000 0.000000 0.000000 1.000000
0.452330 0.075044 -0.888688 -9.504565 0.001529 0.996387 0.084916 86.707420 0.891849 -0.039769 0.450581 0.520853 0.000000 0.000000 0.000000 1.000000
0.450423 0.075211 -0.889642 -9.457352 0.001876 0.996364 0.085183 86.775978 0.892813 -0.040037 0.448644 0.584409 0.000000 0.000000 0.000000 1.000000
0.449057 0.075018 -0.890348 -9.410343 0.001066 0.996423 0.084493 86.845825 0.893503 -0.038892 0.447371 0.659739 0.000000 0.000000 0.000000 1.000000
0.448011 0.074607 -0.890909 -9.359074 -0.000027 0.996513 0.083437 86.907715 0.894028 -0.037356 0.446451 0.736171 0.000000 0.000000 0.000000 1.000000
0.446913 0.074409 -0.891477 -9.311983 -0.000313 0.996548 0.083022 86.959335 0.894577 -0.036825 0.445393 0.801880 0.000000 0.000000 0.000000 1.000000
0.446478 0.074118 -0.891720 -9.276296 -0.000485 0.996583 0.082592 87.007492 0.894794 -0.036443 0.444988 0.851701 0.000000 0.000000 0.000000 1.000000
0.446772 0.073736 -0.891604 -9.252472 -0.000775 0.996629 0.082033 87.057457 0.894648 -0.035959 0.445323 0.878715 0.000000 0.000000 0.000000 1.000000
0.447433 0.073641 -0.891280 -9.247208 -0.001024 0.996646 0.081832 87.109314 0.894317 -0.035701 0.446007 0.878859 0.000000 0.000000 0.000000 1.000000
0.447777 0.073213 -0.891143 -9.256693 -0.001208 0.996691 0.081277 87.162590 0.894145 -0.035317 0.446383 0.874495 0.000000 0.000000 0.000000 1.000000
0.447000 0.072118 -0.891622 -9.273709 -0.001366 0.996799 0.079941 87.209702 0.894533 -0.034516 0.445668 0.870390 0.000000 0.000000 0.000000 1.000000
0.445996 0.071171 -0.892201 -9.293834 -0.001594 0.996895 0.078725 87.249168 0.895033 -0.033689 0.444725 0.865919 0.000000 0.000000 0.000000 1.000000
0.445749 0.069188 -0.892480 -9.303059 -0.001266 0.997056 0.076662 87.304810 0.895157 -0.033042 0.444525 0.860273 0.000000 0.000000 0.000000 1.000000
0.446495 0.064644 -0.892448 -9.252714 -0.000058 0.997389 0.072216 87.386482 0.894786 -0.032192 0.445333 0.853483 0.000000 0.000000 0.000000 1.000000
0.448207 0.059109 -0.891974 -9.092303 0.001079 0.997775 0.066663 87.461014 0.893929 -0.030841 0.447146 0.843970 0.000000 0.000000 0.000000 1.000000
0.449707 0.052915 -0.891608 -8.765594 0.001839 0.998187 0.060168 87.542900 0.893174 -0.028698 0.448794 0.831425 0.000000 0.000000 0.000000 1.000000
0.450208 0.046042 -0.891736 -8.212046 0.003043 0.998585 0.053095 87.710976 0.892919 -0.026618 0.449431 0.802009 0.000000 0.000000 0.000000 1.000000
0.451225 0.041685 -0.891436 -7.459089 0.004898 0.998778 0.049184 87.833130 0.892397 -0.026559 0.450469 0.744320 0.000000 0.000000 0.000000 1.000000
0.454480 0.038300 -0.889933 -6.593881 0.007132 0.998887 0.046631 87.599960 0.890728 -0.027540 0.453701 0.636985 0.000000 0.000000 0.000000 1.000000
0.459933 0.029613 -0.887459 -5.625659 0.009350 0.999227 0.038188 87.027611 0.887904 -0.025862 0.459301 0.518025 0.000000 0.000000 0.000000 1.000000
0.466991 0.016876 -0.884101 -4.571359 0.011683 0.999613 0.025252 86.127296 0.884185 -0.022122 0.466613 0.337527 0.000000 0.000000 0.000000 1.000000
0.475321 0.005587 -0.879794 -3.628832 0.015502 0.999771 0.014724 84.810608 0.879676 -0.020638 0.475126 0.158155 0.000000 0.000000 0.000000 1.000000
0.483145 -0.004022 -0.875531 -2.515001 0.020721 0.999762 0.006841 83.192627 0.875295 -0.021447 0.483113 0.169504 0.000000 0.000000 0.000000 1.000000
0.488909 -0.017095 -0.872167 -1.417363 0.027230 0.999620 -0.004329 81.632172 0.871910 -0.021632 0.489189 0.239294 0.000000 0.000000 0.000000 1.000000
0.494284 -0.040680 -0.868348 -0.374113 0.035541 0.999015 -0.026571 80.315292 0.868574 -0.017728 0.495243 0.290117 0.000000 0.000000 0.000000 1.000000
0.502755 -0.065533 -0.861941 0.362212 0.039593 0.997821 -0.052770 79.501495 0.863522 -0.007597 0.504255 0.268232 0.000000 0.000000 0.000000 1.000000
0.516217 -0.081774 -0.852545 0.721122 0.035494 0.996619 -0.074102 79.121056 0.855722 0.007992 0.517374 0.165997 0.000000 0.000000 0.000000 1.000000
0.531820 -0.094246 -0.841597 0.920847 0.028218 0.995208 -0.093616 79.056038 0.846387 0.026039 0.531932 0.029070 0.000000 0.000000 0.000000 1.000000
0.547993 -0.103539 -0.830051 0.987792 0.019186 0.993605 -0.111274 79.238380 0.836263 0.045052 0.546474 -0.124548 0.000000 0.000000 0.000000 1.000000
0.563185 -0.110374 -0.818926 0.974097 0.009768 0.991859 -0.126963 79.583542 0.826273 0.063504 0.559678 -0.276880 0.000000 0.000000 0.000000 1.000000
0.575901 -0.115611 -0.809304 0.935304 0.001316 0.990080 -0.140499 80.009445 0.817519 0.079848 0.570340 -0.411123 0.000000 0.000000 0.000000 1.000000
0.584705 -0.120196 -0.802293 0.926897 -0.004881 0.988424 -0.151638 80.434776 0.811232 0.092580 0.577349 -0.510151 0.000000 0.000000 0.000000 1.000000
0.587007 -0.122108 -0.800320 0.898613 -0.008715 0.987550 -0.157067 80.829796 0.809535 0.099174 0.578635 -0.557255 0.000000 0.000000 0.000000 1.000000
0.585439 -0.121605 -0.801544 0.840596 -0.011743 0.987311 -0.158365 81.198608 0.810631 0.102125 0.576583 -0.577703 0.000000 0.000000 0.000000 1.000000
0.583553 -0.120863 -0.803031 0.781303 -0.014741 0.987123 -0.159282 81.510918 0.811941 0.104787 0.574257 -0.596103 0.000000 0.000000 0.000000 1.000000</float_array><technique_common><accessor source="#swat_Hips-Matrix-animation-output-transform-array" count="72" stride="16"><param type="float4x4"/></accessor></technique_common></source><source id="swat_Hips-Interpolations"><Name_array id="swat_Hips-Interpolations-array" count="72">
 LINEAR LINEAR LINEAR LINEAR LINEAR LINEAR LINEAR LINEAR LINEAR LINEAR LINEAR
LINEAR LINEAR LINEAR LINEAR LINEAR LINEAR LINEAR LINEAR LINEAR LINEAR LINEAR LINEAR
LINEAR LINEAR LINEAR LINEAR LINEAR LINEAR LINEAR LINEAR LINEAR LINEAR LINEAR LINEAR
LINEAR LINEAR LINEAR LINEAR LINEAR LINEAR LINEAR LINEAR LINEAR LINEAR LINEAR LINEAR
LINEAR LINEAR LINEAR LINEAR LINEAR LINEAR LINEAR LINEAR LINEAR LINEAR LINEAR LINEAR
LINEAR LINEAR LINEAR LINEAR LINEAR LINEAR LINEAR LINEAR LINEAR LINEAR LINEAR LINEAR
LINEAR</Name_array><technique_common><accessor source="#swat_Hips-Interpolations-array" count="72"><param type="name"/></accessor></technique_common></source><sampler id="swat_Hips-Matrix-animation-transform"><input semantic="INPUT" source="#swat_Hips-Matrix-animation-input"/><input semantic="OUTPUT" source="#swat_Hips-Matrix-animation-output-transform"/><input semantic="INTERPOLATION" source="#swat_Hips-Interpolations"/></sampler><channel source="#swat_Hips-Matrix-animation-transform" target="swat_Hips/matrix"/></animation>
    <animation id="swat_Spine-anim" name="swat_Spine"><source id="swat_Spine-Matrix-animation-input"><float_array id="swat_Spine-Matrix-animation-input-array" count="72">

0.000000 0.033333 0.066667 0.100000 0.133333 0.166667 0.200000 0.233333 0.266667 0.300000 0.333333 0.366667 0.400000 0.433333 0.466667 0.500000
0.533333 0.566667 0.600000 0.633333 0.666667 0.700000 0.733333 0.766667 0.800000 0.833333 0.866667 0.900000 0.933333 0.966667 1.000000 1.033333
1.066667 1.100000 1.133333 1.166667 1.200000 1.233333 1.266667 1.300000 1.333333 1.366667 1.400000 1.433333 1.466667 1.500000 1.533333 1.566667
1.600000 1.633333 1.666667 1.700000 1.733333 1.766667 1.800000 1.833333 1.866667 1.900000 1.933333 1.966667 2.000000 2.033333 2.066667 2.100000
2.133333 2.166667 2.200000 2.233333 2.266667 2.300000 2.333333 2.366667</float_array><technique_common><accessor source="#swat_Spine-Matrix-animation-input-array" count="72"><param name="TIME" type="float"/></accessor></technique_common></source><source id="swat_Spine-Matrix-animation-output-transform"><float_array id="swat_Spine-Matrix-animation-output-transform-array" count="1152">

0.996724 0.053717 0.060462 -0.000000 -0.045582 0.990636 -0.128692 9.226300 -0.066809 0.125514 0.989840 1.577100 0.000000 0.000000 0.000000 1.000000
0.996900 0.053291 0.057878 0.000000 -0.045562 0.990791 -0.127502 9.226300 -0.064140 0.124469 0.990148 1.577100 0.000000 0.000000 0.000000 1.000000
0.997102 0.050202 0.057166 0.000000 -0.042412 0.990587 -0.130148 9.226300 -0.063162 0.127346 0.989845 1.577100 0.000000 0.000000 0.000000 1.000000
0.996906 0.048620 0.061765 -0.000000 -0.039951 0.990098 -0.134570 9.226300 -0.067696 0.131686 0.988977 1.577100 0.000000 0.000000 0.000000 1.000000
0.995096 0.059097 0.079321 0.000000 -0.047387 0.988710 -0.142152 9.226300 -0.086827 0.137696 0.986662 1.577100 0.000000 0.000000 0.000000 1.000000
0.992857 0.068962 0.097364 0.000000 -0.053322 0.986480 -0.154965 9.226300 -0.106734 0.148666 0.983110 1.577100 0.000000 0.000000 0.000000 1.000000
0.992704 0.068232 0.099417 -0.000000 -0.050372 0.983772 -0.172206 9.226300 -0.109554 0.165941 0.980031 1.577100 0.000000 0.000000 0.000000 1.000000
0.993224 0.065820 0.095785 0.000000 -0.048799 0.984185 -0.170288 9.226300 -0.105478 0.164460 0.980728 1.577100 0.000000 0.000000 0.000000 1.000000
0.993732 0.061257 0.093510 0.000000 -0.045980 0.986438 -0.157561 9.226300 -0.101893 0.152273 0.983072 1.577100 0.000000 0.000000 0.000000 1.000000
0.994307 0.051451 0.093304 0.000000 -0.036849 0.987698 -0.151967 9.226300 -0.099975 0.147664 0.983972 1.577100 0.000000 0.000000 0.000000 1.000000
0.994257 0.043744 0.097667 0.000000 -0.028602 0.988063 -0.151374 9.226300 -0.103123 0.147712 0.983640 1.577100 0.000000 0.000000 0.000000 1.000000
0.994246 0.041241 0.098867 -0.000000 -0.026309 0.988662 -0.147832 9.226300 -0.103843 0.144381 0.984058 1.577100 0.000000 0.000000 0.000000 1.000000
0.995439 0.036477 0.088147 0.000000 -0.024088 0.990177 -0.137730 9.226300 -0.092305 0.134978 0.986540 1.577100 0.000000 0.000000 0.000000 1.000000
0.995591 0.037781 0.085857 0.000000 -0.025567 0.989942 -0.139147 9.226300 -0.090251 0.136339 0.986543 1.577100 0.000000 0.000000 0.000000 1.000000
0.996572 0.022967 0.079473 0.000000 -0.010997 0.988940 -0.147906 9.226300 -0.081991 0.146525 0.985803 1.577100 0.000000 0.000000 0.000000 1.000000
0.998215 -0.001447 0.059705 0.000000 0.009372 0.991116 -0.132671 9.226300 -0.058982 0.132994 0.989360 1.577100 0.000000 0.000000 0.000000 1.000000
0.999438 -0.013315 0.030780 0.000000 0.015840 0.996399 -0.083295 9.226300 -0.029560 0.083736 0.996049 1.577100 0.000000 0.000000 0.000000 1.000000
0.999716 -0.017794 0.015824 0.000000 0.018440 0.998961 -0.041664 9.226300 -0.015066 0.041944 0.999006 1.577100 0.000000 0.000000 0.000000 1.000000
0.999771 -0.020023 0.007496 -0.000000 0.020146 0.999657 -0.016731 9.226300 -0.007159 0.016879 0.999832 1.577100 0.000000 0.000000 0.000000 1.000000
0.999771 -0.021391 0.000682 0.000000 0.021389 0.999766 0.003168 9.226300 -0.000750 -0.003153 0.999995 1.577100 0.000000 0.000000 0.000000 1.000000
0.999735 -0.022448 -0.005095 0.000000 0.022541 0.999568 0.018853 9.226300 0.004670 -0.018963 0.999809 1.577100 0.000000 0.000000 0.000000 1.000000
0.999679 -0.023289 -0.009971 0.000000 0.023589 0.999236 0.031150 9.226300 0.009238 -0.031376 0.999465 1.577100 0.000000 0.000000 0.000000 1.000000
0.999616 -0.023904 -0.014046 0.000000 0.024461 0.998864 0.040891 9.226300 0.013053 -0.041219 0.999065 1.577100 0.000000 0.000000 0.000000 1.000000
0.999548 -0.024465 -0.017479 -0.000000 0.025294 0.998483 0.048901 9.226300 0.016256 -0.049321 0.998651 1.577100 0.000000 0.000000 0.000000 1.000000
0.999482 -0.024974 -0.020314 0.000000 0.026077 0.998090 0.056008 9.226300 0.018876 -0.056509 0.998224 1.577100 0.000000 0.000000 0.000000 1.000000
0.999426 -0.025365 -0.022461 -0.000000 0.026568 0.998134 0.054984 9.226300 0.021025 -0.055550 0.998235 1.577100 0.000000 0.000000 0.000000 1.000000
0.999387 -0.025646 -0.023847 0.000000 0.026893 0.998205 0.053514 9.226300 0.022432 -0.054123 0.998282 1.577100 0.000000 0.000000 0.000000 1.000000
0.999373 -0.025685 -0.024380 -0.000000 0.026924 0.998290 0.051893 9.226300 0.023005 -0.052517 0.998355 1.577100 0.000000 0.000000 0.000000 1.000000
0.999407 -0.024671 -0.024030 -0.000000 0.025921 0.998248 0.053190 9.226300 0.022676 -0.053781 0.998295 1.577100 0.000000 0.000000 0.000000 1.000000
0.999502 -0.022894 -0.021717 0.000000 0.024019 0.998302 0.053069 9.226300 0.020465 -0.053564 0.998355 1.577100 0.000000 0.000000 0.000000 1.000000
0.999602 -0.020909 -0.018912 0.000000 0.021861 0.998428 0.051618 9.226300 0.017803 -0.052010 0.998488 1.577100 0.000000 0.000000 0.000000 1.000000
0.999678 -0.019147 -0.016630 0.000000 0.019960 0.998541 0.050176 9.226300 0.015645 -0.050492 0.998602 1.577100 0.000000 0.000000 0.000000 1.000000
0.999725 -0.017291 -0.015842 0.000000 0.018069 0.998567 0.050369 9.226300 0.014949 -0.050641 0.998605 1.577100 0.000000 0.000000 0.000000 1.000000
0.999753 -0.014446 -0.016864 0.000000 0.015292 0.998573 0.051158 9.226300 0.016101 -0.051404 0.998548 1.577100 0.000000 0.000000 0.000000 1.000000
0.999793 -0.011294 -0.016918 0.000000 0.012147 0.998614 0.051204 9.226300 0.016316 -0.051399 0.998545 1.577100 0.000000 0.000000 0.000000 1.000000
0.999818 -0.009391 -0.016618 -0.000000 0.010236 0.998622 0.051472 9.226300 0.016112 -0.051633 0.998536 1.577100 0.000000 0.000000 0.000000 1.000000
0.999797 -0.007959 -0.018509 0.000000 0.008928 0.998560 0.052889 9.226300 0.018061 -0.053044 0.998429 1.577100 0.000000 0.000000 0.000000 1.000000
0.999760 -0.007318 -0.020636 0.000000 0.008444 0.998450 0.055018 9.226300 0.020201 -0.055179 0.998272 1.577100 0.000000 0.000000 0.000000 1.000000
0.999745 -0.007396 -0.021317 0.000000 0.008600 0.998339 0.056962 9.226300 0.020860 -0.057131 0.998149 1.577100 0.000000 0.000000 0.000000 1.000000
0.999739 -0.007200 -0.021671 0.000000 0.008445 0.998286 0.057917 9.226300 0.021217 -0.058085 0.998086 1.577100 0.000000 0.000000 0.000000 1.000000
0.999691 -0.008253 -0.023427 -0.000000 0.009653 0.998136 0.060264 9.226300 0.022886 -0.060472 0.997908 1.577100 0.000000 0.000000 0.000000 1.000000
0.999675 -0.008744 -0.023967 0.000000 0.010198 0.998072 0.061230 9.226300 0.023385 -0.061455 0.997836 1.577100 0.000000 0.000000 0.000000 1.000000
0.999652 -0.008238 -0.025072 0.000000 0.009790 0.998001 0.062439 9.226300 0.024508 -0.062663 0.997734 1.577100 0.000000 0.000000 0.000000 1.000000
0.999619 -0.008078 -0.026407 0.000000 0.009745 0.997926 0.063623 9.226300 0.025838 -0.063856 0.997625 1.577100 0.000000 0.000000 0.000000 1.000000
0.999577 -0.007594 -0.028067 0.000000 0.009406 0.997840 0.065013 9.226300 0.027512 -0.065250 0.997490 1.577100 0.000000 0.000000 0.000000 1.000000
0.999551 -0.006991 -0.029123 0.000000 0.008906 0.997771 0.066138 9.226300 0.028596 -0.066368 0.997385 1.577100 0.000000 0.000000 0.000000 1.000000
0.999537 -0.006562 -0.029722 0.000000 0.008578 0.997635 0.068193 9.226300 0.029204 -0.068416 0.997229 1.577100 0.000000 0.000000 0.000000 1.000000
0.999571 -0.005754 -0.028725 -0.000000 0.007821 0.997347 0.072374 9.226300 0.028232 -0.072568 0.996964 1.577100 0.000000 0.000000 0.000000 1.000000
0.999591 -0.005277 -0.028096 0.000000 0.007386 0.997119 0.075492 9.226300 0.027616 -0.075669 0.996750 1.577100 0.000000 0.000000 0.000000 1.000000
0.999587 -0.004318 -0.028419 0.000000 0.006531 0.996912 0.078254 9.226300 0.027994 -0.078408 0.996528 1.577100 0.000000 0.000000 0.000000 1.000000
0.999532 -0.002373 -0.030495 0.000000 0.004885 0.996572 0.082582 9.226300 0.030195 -0.082693 0.996118 1.577100 0.000000 0.000000 0.000000 1.000000
0.999440 -0.002781 -0.033359 0.000000 0.005636 0.996295 0.085818 9.226300 0.032997 -0.085958 0.995752 1.577100 0.000000 0.000000 0.000000 1.000000
0.999335 -0.003470 -0.036302 0.000000 0.006666 0.996072 0.088297 9.226300 0.035853 -0.088480 0.995432 1.577100 0.000000 0.000000 0.000000 1.000000
0.999482 -0.006554 -0.031510 0.000000 0.009414 0.995762 0.091485 9.226300 0.030777 -0.091734 0.995308 1.577100 0.000000 0.000000 0.000000 1.000000
0.999630 -0.013883 -0.023378 0.000000 0.015892 0.995986 0.088088 9.226300 0.022061 -0.088427 0.995838 1.577100 0.000000 0.000000 0.000000 1.000000
0.999803 -0.011507 -0.016179 0.000000 0.012517 0.997888 0.063743 9.226300 0.015412 -0.063933 0.997835 1.577100 0.000000 0.000000 0.000000 1.000000
0.999932 -0.003529 -0.011128 -0.000000 0.003931 0.999333 0.036318 9.226300 0.010992 -0.036360 0.999278 1.577100 0.000000 0.000000 0.000000 1.000000
0.999952 0.000278 -0.009806 -0.000000 -0.000217 0.999980 0.006268 9.226300 0.009807 -0.006266 0.999932 1.577100 0.000000 0.000000 0.000000 1.000000
0.999983 0.003774 -0.004454 -0.000000 -0.003899 0.999591 -0.028325 9.226300 0.004345 0.028342 0.999589 1.577100 0.000000 0.000000 0.000000 1.000000
0.999960 0.005624 0.006906 -0.000000 -0.005195 0.998146 -0.060635 9.226300 -0.007234 0.060597 0.998136 1.577100 0.000000 0.000000 0.000000 1.000000
0.999748 0.007874 0.021009 -0.000000 -0.005931 0.995831 -0.091029 9.226300 -0.021638 0.090882 0.995627 1.577100 0.000000 0.000000 0.000000 1.000000
0.999602 0.011382 0.025821 0.000000 -0.008644 0.994564 -0.103764 9.226300 -0.026861 0.103500 0.994267 1.577100 0.000000 0.000000 0.000000 1.000000
0.999589 0.014892 0.024515 0.000000 -0.012254 0.994454 -0.104456 9.226300 -0.025935 0.104113 0.994227 1.577100 0.000000 0.000000 0.000000 1.000000
0.999433 0.020242 0.026903 0.000000 -0.017242 0.994063 -0.107429 9.226300 -0.028918 0.106904 0.993849 1.577100 0.000000 0.000000 0.000000 1.000000
0.999175 0.026410 0.030852 0.000000 -0.022820 0.993512 -0.111417 9.226300 -0.033594 0.110621 0.993295 1.577100 0.000000 0.000000 0.000000 1.000000
0.998819 0.032865 0.035777 0.000000 -0.028516 0.992849 -0.115921 9.226300 -0.039331 0.114764 0.992614 1.577100 0.000000 0.000000 0.000000 1.000000
0.998390 0.039094 0.041094 0.000000 -0.033892 0.992144 -0.120422 9.226300 -0.045479 0.118835 0.991872 1.577100 0.000000 0.000000 0.000000 1.000000
0.997935 0.044624 0.046208 -0.000000 -0.038576 0.991485 -0.124380 9.226300 -0.051364 0.122340 0.991158 1.577100 0.000000 0.000000 0.000000 1.000000
0.997522 0.048966 0.050524 0.000000 -0.042201 0.990974 -0.127236 9.226300 -0.056298 0.124789 0.990585 1.577100 0.000000 0.000000 0.000000 1.000000
0.997219 0.051351 0.054007 0.000000 -0.044070 0.990757 -0.128293 9.226300 -0.060096 0.125556 0.990265 1.577100 0.000000 0.000000 0.000000 1.000000
0.996974 0.052586 0.057242 0.000000 -0.044878 0.990696 -0.128482 9.226300 -0.063466 0.125524 0.990058 1.577100 0.000000 0.000000 0.000000 1.000000
0.996724 0.053714 0.060464 0.000000 -0.045582 0.990641 -0.128656 9.226300 -0.066809 0.125478 0.989844 1.577100 0.000000 0.000000 0.000000 1.000000</float_array><technique_common><accessor source="#swat_Spine-Matrix-animation-output-transform-array" count="72" stride="16"><param type="float4x4"/></accessor></technique_common></source><source id="swat_Spine-Interpolations"><Name_array id="swat_Spine-Interpolations-array" count="72">
 LINEAR LINEAR LINEAR LINEAR LINEAR LINEAR LINEAR LINEAR LINEAR LINEAR LINEAR
LINEAR LINEAR LINEAR LINEAR LINEAR LINEAR LINEAR LINEAR LINEAR LINEAR LINEAR LINEAR
LINEAR LINEAR LINEAR LINEAR LINEAR LINEAR LINEAR LINEAR LINEAR LINEAR LINEAR LINEAR
LINEAR LINEAR LINEAR LINEAR LINEAR LINEAR LINEAR LINEAR LINEAR LINEAR LINEAR LINEAR
LINEAR LINEAR LINEAR LINEAR LINEAR LINEAR LINEAR LINEAR LINEAR LINEAR LINEAR LINEAR
LINEAR LINEAR LINEAR LINEAR LINEAR LINEAR LINEAR LINEAR LINEAR LINEAR LINEAR LINEAR
LINEAR</Name_array><technique_common><accessor source="#swat_Spine-Interpolations-array" count="72"><param type="name"/></accessor></technique_common></source><sampler id="swat_Spine-Matrix-animation-transform"><input semantic="INPUT" source="#swat_Spine-Matrix-animation-input"/><input semantic="OUTPUT" source="#swat_Spine-Matrix-animation-output-transform"/><input semantic="INTERPOLATION" source="#swat_Spine-Interpolations"/></sampler><channel source="#swat_Spine-Matrix-animation-transform" target="swat_Spine/matrix"/></animation>
    <animation id="swat_Spine1-anim" name="swat_Spine1"><source id="swat_Spine1-Matrix-animation-input"><float_array id="swat_Spine1-Matrix-animation-input-array" count="72">

0.000000 0.033333 0.066667 0.100000 0.133333 0.166667 0.200000 0.233333 0.266667 0.300000 0.333333 0.366667 0.400000 0.433333 0.466667 0.500000
0.533333 0.566667 0.600000 0.633333 0.666667 0.700000 0.733333 0.766667 0.800000 0.833333 0.866667 0.900000 0.933333 0.966667 1.000000 1.033333
1.066667 1.100000 1.133333 1.166667 1.200000 1.233333 1.266667 1.300000 1.333333 1.366667 1.400000 1.433333 1.466667 1.500000 1.533333 1.566667
1.600000 1.633333 1.666667 1.700000 1.733333 1.766667 1.800000 1.833333 1.866667 1.900000 1.933333 1.966667 2.000000 2.033333 2.066667 2.100000
2.133333 2.166667 2.200000 2.233333 2.266667 2.300000 2.333333 2.366667</float_array><technique_common><accessor source="#swat_Spine1-Matrix-animation-input-array" count="72"><param name="TIME" type="float"/></accessor></technique_common></source><source id="swat_Spine1-Matrix-animation-output-transform"><float_array id="swat_Spine1-Matrix-animation-output-transform-array" count="1152">

0.998870 -0.040556 0.024793 0.000000 0.041082 0.998933 -0.021096 16.254000 -0.023911 0.022091 0.999470 -0.165600 0.000000 0.000000 0.000000 1.000000
0.999378 -0.026896 0.022799 0.000000 0.027314 0.999461 -0.018219 16.254000 -0.022297 0.018831 0.999574 -0.165600 0.000000 0.000000 0.000000 1.000000
0.999706 -0.012195 0.020975 -0.000000 0.012509 0.999811 -0.014904 16.254000 -0.020790 0.015162 0.999669 -0.165600 0.000000 0.000000 0.000000 1.000000
0.999784 0.001751 0.020707 -0.000000 -0.001467 0.999905 -0.013718 16.254000 -0.020729 0.013684 0.999691 -0.165600 0.000000 0.000000 0.000000 1.000000
0.999612 0.012496 0.024913 -0.000000 -0.012149 0.999828 -0.014034 16.254000 -0.025084 0.013725 0.999591 -0.165600 0.000000 0.000000 0.000000 1.000000
0.999418 0.016007 0.030140 0.000000 -0.015628 0.999796 -0.012762 16.254000 -0.030338 0.012284 0.999464 -0.165600 0.000000 0.000000 0.000000 1.000000
0.999419 0.014124 0.031011 0.000000 -0.013754 0.999832 -0.012104 16.254000 -0.031177 0.011670 0.999446 -0.165600 0.000000 0.000000 0.000000 1.000000
0.999464 0.013234 0.029928 0.000000 -0.012917 0.999859 -0.010760 16.254000 -0.030067 0.010367 0.999494 -0.165600 0.000000 0.000000 0.000000 1.000000
0.999490 0.013386 0.029007 -0.000000 -0.013167 0.999883 -0.007731 16.254000 -0.029107 0.007345 0.999549 -0.165600 0.000000 0.000000 0.000000 1.000000
0.999498 0.013910 0.028455 -0.000000 -0.013760 0.999890 -0.005473 16.254000 -0.028528 0.005079 0.999580 -0.165600 0.000000 0.000000 0.000000 1.000000
0.999457 0.015091 0.029298 0.000000 -0.015002 0.999882 -0.003275 16.254000 -0.029344 0.002833 0.999565 -0.165600 0.000000 0.000000 0.000000 1.000000
0.999454 0.014980 0.029458 -0.000000 -0.014940 0.999887 -0.001587 16.254000 -0.029479 0.001146 0.999565 -0.165600 0.000000 0.000000 0.000000 1.000000
0.999572 0.013160 0.026128 0.000000 -0.013112 0.999912 -0.002012 16.254000 -0.026152 0.001668 0.999657 -0.165600 0.000000 0.000000 0.000000 1.000000
0.999619 0.010496 0.025514 0.000000 -0.010347 0.999929 -0.005960 16.254000 -0.025575 0.005694 0.999657 -0.165600 0.000000 0.000000 0.000000 1.000000
0.999713 0.006130 0.023157 0.000000 -0.005992 0.999964 -0.006002 16.254000 -0.023193 0.005862 0.999714 -0.165600 0.000000 0.000000 0.000000 1.000000
0.999862 0.002762 0.016411 -0.000000 -0.002807 0.999992 0.002688 16.254000 -0.016403 -0.002734 0.999862 -0.165600 0.000000 0.000000 0.000000 1.000000
0.999969 0.001054 0.007817 0.000000 -0.001191 0.999846 0.017502 16.254000 -0.007797 -0.017511 0.999816 -0.165600 0.000000 0.000000 0.000000 1.000000
0.999992 0.001903 0.003524 0.000000 -0.002000 0.999618 0.027581 16.254000 -0.003470 -0.027587 0.999613 -0.165600 0.000000 0.000000 0.000000 1.000000
0.999998 0.001752 0.001181 -0.000000 -0.001793 0.999377 0.035244 16.254000 -0.001119 -0.035246 0.999378 -0.165600 0.000000 0.000000 0.000000 1.000000
1.000000 0.000666 -0.000687 -0.000000 -0.000636 0.999069 0.043141 16.254000 0.000715 -0.043140 0.999069 -0.165600 0.000000 0.000000 0.000000 1.000000
0.999997 -0.001083 -0.002177 0.000000 0.001193 0.998696 0.051029 16.254000 0.002119 -0.051032 0.998695 -0.165600 0.000000 0.000000 0.000000 1.000000
0.999989 -0.003225 -0.003434 -0.000000 0.003421 0.998271 0.058674 16.254000 0.003239 -0.058685 0.998271 -0.165600 0.000000 0.000000 0.000000 1.000000
0.999974 -0.005490 -0.004582 -0.000000 0.005780 0.997814 0.065839 16.254000 0.004210 -0.065864 0.997820 -0.165600 0.000000 0.000000 0.000000 1.000000
0.999956 -0.007590 -0.005589 0.000000 0.007974 0.997352 0.072292 16.254000 0.005025 -0.072333 0.997368 -0.165600 0.000000 0.000000 0.000000 1.000000
0.999936 -0.009242 -0.006465 0.000000 0.009717 0.996921 0.077802 16.254000 0.005726 -0.077860 0.996948 -0.165600 0.000000 0.000000 0.000000 1.000000
0.999922 -0.010226 -0.007213 0.000000 0.010772 0.996708 0.080353 16.254000 0.006367 -0.080425 0.996740 -0.165600 0.000000 0.000000 0.000000 1.000000
0.999907 -0.011330 -0.007603 0.000000 0.011918 0.996532 0.082349 16.254000 0.006643 -0.082432 0.996575 -0.165600 0.000000 0.000000 0.000000 1.000000
0.999894 -0.012458 -0.007557 0.000000 0.013056 0.996297 0.084987 16.254000 0.006470 -0.085077 0.996353 -0.165600 0.000000 0.000000 0.000000 1.000000
0.999889 -0.013063 -0.007211 -0.000000 0.013644 0.996081 0.087389 16.254000 0.006041 -0.087478 0.996148 -0.165600 0.000000 0.000000 0.000000 1.000000
0.999893 -0.013099 -0.006472 -0.000000 0.013622 0.995960 0.088761 16.254000 0.005283 -0.088840 0.996032 -0.165600 0.000000 0.000000 0.000000 1.000000
0.999901 -0.012888 -0.005578 -0.000000 0.013334 0.995940 0.089027 16.254000 0.004408 -0.089093 0.996014 -0.165600 0.000000 0.000000 0.000000 1.000000
0.999906 -0.012850 -0.004815 0.000000 0.013227 0.995942 0.089021 16.254000 0.003651 -0.089076 0.996018 -0.165600 0.000000 0.000000 0.000000 1.000000
0.999906 -0.012996 -0.004404 -0.000000 0.013336 0.995961 0.088796 16.254000 0.003232 -0.088846 0.996040 -0.165600 0.000000 0.000000 0.000000 1.000000
0.999907 -0.012926 -0.004432 0.000000 0.013269 0.995932 0.089128 16.254000 0.003261 -0.089179 0.996010 -0.165600 0.000000 0.000000 0.000000 1.000000
0.999909 -0.012789 -0.004182 0.000000 0.013111 0.995908 0.089417 16.254000 0.003021 -0.089463 0.995986 -0.165600 0.000000 0.000000 0.000000 1.000000
0.999913 -0.012613 -0.003956 -0.000000 0.012917 0.995868 0.089893 16.254000 0.002806 -0.089936 0.995944 -0.165600 0.000000 0.000000 0.000000 1.000000
0.999924 -0.011476 -0.004469 -0.000000 0.011833 0.995818 0.090590 16.254000 0.003411 -0.090636 0.995878 -0.165600 0.000000 0.000000 0.000000 1.000000
0.999925 -0.011204 -0.005010 -0.000000 0.011613 0.995791 0.090919 16.254000 0.003970 -0.090970 0.995846 -0.165600 0.000000 0.000000 0.000000 1.000000
0.999924 -0.011205 -0.005207 0.000000 0.011634 0.995749 0.091370 16.254000 0.004161 -0.091423 0.995803 -0.165600 0.000000 0.000000 0.000000 1.000000
0.999923 -0.011258 -0.005292 -0.000000 0.011695 0.995735 0.091520 16.254000 0.004239 -0.091575 0.995789 -0.165600 0.000000 0.000000 0.000000 1.000000
0.999919 -0.011325 -0.005856 0.000000 0.011817 0.995676 0.092135 16.254000 0.004787 -0.092197 0.995729 -0.165600 0.000000 0.000000 0.000000 1.000000
0.999917 -0.011371 -0.006047 0.000000 0.011881 0.995657 0.092336 16.254000 0.004971 -0.092400 0.995710 -0.165600 0.000000 0.000000 0.000000 1.000000
0.999915 -0.011429 -0.006297 0.000000 0.011963 0.995635 0.092566 16.254000 0.005211 -0.092633 0.995687 -0.165600 0.000000 0.000000 0.000000 1.000000
0.999912 -0.011456 -0.006649 -0.000000 0.012024 0.995612 0.092805 16.254000 0.005557 -0.092877 0.995662 -0.165600 0.000000 0.000000 0.000000 1.000000
0.999910 -0.011368 -0.007072 0.000000 0.011976 0.995591 0.093031 16.254000 0.005983 -0.093107 0.995638 -0.165600 0.000000 0.000000 0.000000 1.000000
0.999912 -0.011098 -0.007336 0.000000 0.011734 0.995567 0.093320 16.254000 0.006268 -0.093398 0.995609 -0.165600 0.000000 0.000000 0.000000 1.000000
0.999914 -0.010764 -0.007498 -0.000000 0.011417 0.995563 0.093406 16.254000 0.006459 -0.093484 0.995600 -0.165600 0.000000 0.000000 0.000000 1.000000
0.999919 -0.010458 -0.007188 -0.000000 0.011084 0.995556 0.093513 16.254000 0.006178 -0.093585 0.995592 -0.165600 0.000000 0.000000 0.000000 1.000000
0.999923 -0.010265 -0.006992 0.000000 0.010875 0.995550 0.093602 16.254000 0.006000 -0.093671 0.995585 -0.165600 0.000000 0.000000 0.000000 1.000000
0.999925 -0.010004 -0.007021 -0.000000 0.010616 0.995566 0.093460 16.254000 0.006055 -0.093528 0.995598 -0.165600 0.000000 0.000000 0.000000 1.000000
0.999929 -0.009233 -0.007493 0.000000 0.009887 0.995653 0.092614 16.254000 0.006606 -0.092681 0.995674 -0.165600 0.000000 0.000000 0.000000 1.000000
0.999931 -0.008153 -0.008414 -0.000000 0.008874 0.995946 0.089513 16.254000 0.007650 -0.089581 0.995950 -0.165600 0.000000 0.000000 0.000000 1.000000
0.999937 -0.006025 -0.009507 0.000000 0.006802 0.996451 0.083895 16.254000 0.008968 -0.083954 0.996429 -0.165600 0.000000 0.000000 0.000000 1.000000
0.999958 -0.002669 -0.008768 0.000000 0.003320 0.997168 0.075128 16.254000 0.008543 -0.075154 0.997135 -0.165600 0.000000 0.000000 0.000000 1.000000
0.999968 0.002872 -0.007459 0.000000 -0.002411 0.998129 0.061091 16.254000 0.007620 -0.061071 0.998104 -0.165600 0.000000 0.000000 0.000000 1.000000
0.999975 0.004376 -0.005464 -0.000000 -0.004085 0.998628 0.052212 16.254000 0.005685 -0.052188 0.998621 -0.165600 0.000000 0.000000 0.000000 1.000000
0.999978 0.005469 -0.003677 0.000000 -0.005302 0.999018 0.043988 16.254000 0.003914 -0.043967 0.999025 -0.165600 0.000000 0.000000 0.000000 1.000000
0.999976 0.006213 -0.003078 0.000000 -0.006102 0.999370 0.034959 16.254000 0.003294 -0.034939 0.999384 -0.165600 0.000000 0.000000 0.000000 1.000000
0.999970 0.007656 -0.001389 -0.000000 -0.007620 0.999683 0.024007 16.254000 0.001573 -0.023996 0.999711 -0.165600 0.000000 0.000000 0.000000 1.000000
0.999961 0.008585 0.001933 -0.000000 -0.008610 0.999870 0.013662 16.254000 -0.001815 -0.013678 0.999905 -0.165600 0.000000 0.000000 0.000000 1.000000
0.999942 0.008873 0.006065 0.000000 -0.008900 0.999950 0.004498 16.254000 -0.006025 -0.004552 0.999971 -0.165600 0.000000 0.000000 0.000000 1.000000
0.999929 0.009160 0.007599 0.000000 -0.009147 0.999957 -0.001664 16.254000 -0.007614 0.001595 0.999970 -0.165600 0.000000 0.000000 0.000000 1.000000
0.999945 0.007263 0.007624 0.000000 -0.007228 0.999963 -0.004611 16.254000 -0.007657 0.004556 0.999960 -0.165600 0.000000 0.000000 0.000000 1.000000
0.999956 0.001556 0.009202 -0.000000 -0.001487 0.999970 -0.007573 16.254000 -0.009213 0.007559 0.999929 -0.165600 0.000000 0.000000 0.000000 1.000000
0.999918 -0.005772 0.011433 -0.000000 0.005892 0.999927 -0.010531 16.254000 -0.011372 0.010597 0.999879 -0.165600 0.000000 0.000000 0.000000 1.000000
0.999805 -0.013889 0.014035 -0.000000 0.014077 0.999812 -0.013349 16.254000 -0.013846 0.013544 0.999812 -0.165600 0.000000 0.000000 0.000000 1.000000
0.999619 -0.021963 0.016722 -0.000000 0.022229 0.999626 -0.015905 16.254000 -0.016366 0.016271 0.999734 -0.165600 0.000000 0.000000 0.000000 1.000000
0.999390 -0.029160 0.019211 0.000000 0.029508 0.999401 -0.018090 16.254000 -0.018672 0.018646 0.999652 -0.165600 0.000000 0.000000 0.000000 1.000000
0.999174 -0.034650 0.021220 -0.000000 0.035072 0.999188 -0.019809 16.254000 -0.020516 0.020537 0.999579 -0.165600 0.000000 0.000000 0.000000 1.000000
0.999038 -0.037575 0.022606 0.000000 0.038043 0.999063 -0.020645 16.254000 -0.021809 0.021485 0.999531 -0.165600 0.000000 0.000000 0.000000 1.000000
0.998953 -0.039119 0.023709 -0.000000 0.039617 0.998996 -0.020897 16.254000 -0.022868 0.021814 0.999500 -0.165600 0.000000 0.000000 0.000000 1.000000
0.998870 -0.040556 0.024793 -0.000000 0.041082 0.998933 -0.021096 16.254000 -0.023911 0.022091 0.999470 -0.165600 0.000000 0.000000 0.000000 1.000000</float_array><technique_common><accessor source="#swat_Spine1-Matrix-animation-output-transform-array" count="72" stride="16"><param type="float4x4"/></accessor></technique_common></source><source id="swat_Spine1-Interpolations"><Name_array id="swat_Spine1-Interpolations-array" count="72">
 LINEAR LINEAR LINEAR LINEAR LINEAR LINEAR LINEAR LINEAR LINEAR LINEAR LINEAR
LINEAR LINEAR LINEAR LINEAR LINEAR LINEAR LINEAR LINEAR LINEAR LINEAR LINEAR LINEAR
LINEAR LINEAR LINEAR LINEAR LINEAR LINEAR LINEAR LINEAR LINEAR LINEAR LINEAR LINEAR
LINEAR LINEAR LINEAR LINEAR LINEAR LINEAR LINEAR LINEAR LINEAR LINEAR LINEAR LINEAR
LINEAR LINEAR LINEAR LINEAR LINEAR LINEAR LINEAR LINEAR LINEAR LINEAR LINEAR LINEAR
LINEAR LINEAR LINEAR LINEAR LINEAR LINEAR LINEAR LINEAR LINEAR LINEAR LINEAR LINEAR
LINEAR</Name_array><technique_common><accessor source="#swat_Spine1-Interpolations-array" count="72"><param type="name"/></accessor></technique_common></source><sampler id="swat_Spine1-Matrix-animation-transform"><input semantic="INPUT" source="#swat_Spine1-Matrix-animation-input"/><input semantic="OUTPUT" source="#swat_Spine1-Matrix-animation-output-transform"/><input semantic="INTERPOLATION" source="#swat_Spine1-Interpolations"/></sampler><channel source="#swat_Spine1-Matrix-animation-transform" target="swat_Spine1/matrix"/></animation>
