<?xml version="1.0" encoding="utf-8"?>
<COLLADA xmlns="http://www.collada.org/2005/11/COLLADASchema" version="1.4.1">
  <asset><contributor><author>Mixamo</author><authoring_tool>COLLADA Mixamo exporter</authoring_tool><comments></comments></contributor><created>2018-12-08T14:03:09Z</created><modified>2018-12-08T14:03:09Z</modified><revision></revision><title></title><unit meter="0.010000"/><up_axis>Y_UP</up_axis></asset>
  <library_animations>
    <animation id="swat_Hips-anim" name="swat_Hips"><source id="swat_Hips-Matrix-animation-input"><float_array id="swat_Hips-Matrix-animation-input-array" count="32">

0.000000 0.033333 0.066667 0.100000 0.133333 0.166667 0.200000 0.233333 0.266667 0.300000 0.333333 0.366667 0.400000 0.433333 0.466667 0.500000
0.533333 0.566667 0.600000 0.633333 0.666667 0.700000 0.733333 0.766667 0.800000 0.833333 0.866667 0.900000 0.933333 0.966667 1.000000 1.033333</float_array><technique_common><accessor source="#swat_Hips-Matrix-animation-input-array" count="32"><param name="TIME" type="float"/></accessor></technique_common></source><source id="swat_Hips-Matrix-animation-output-transform"><float_array id="swat_Hips-Matrix-animation-output-transform-array" count="512">

0.999431 -0.003453 0.033539 0.020287 0.004588 0.999417 -0.033836 95.154388 -0.033402 0.033970 0.998864 -0.034485 0.000000 0.000000 0.000000 1.000000
0.999680 -0.006866 0.024326 0.173254 0.007938 0.998989 -0.044248 95.757439 -0.023998 0.044427 0.998724 4.768570 0.000000 0.000000 0.000000 1.000000
0.999908 -0.001975 0.013410 0.375552 0.002717 0.998454 -0.055515 95.603485 -0.013279 0.055546 0.998368 9.574222 0.000000 0.000000 0.000000 1.000000
0.999727 0.022267 -0.007036 0.606769 -0.022668 0.997736 -0.063316 94.630127 0.005610 0.063458 0.997969 14.537099 0.000000 0.000000 0.000000 1.000000
0.998319 0.046915 -0.034042 0.814377 -0.049087 0.996610 -0.066028 93.074966 0.030829 0.067588 0.997237 19.799706 0.000000 0.000000 0.000000 1.000000
0.996960 0.056466 -0.053693 1.068853 -0.060109 0.995814 -0.068852 91.399506 0.049580 0.071870 0.996181 25.160044 0.000000 0.000000 0.000000 1.000000
0.996442 0.054507 -0.064285 1.409563 -0.058932 0.995869 -0.069083 90.085365 0.060254 0.072625 0.995538 30.487194 0.000000 0.000000 0.000000 1.000000
0.997356 0.041126 -0.059918 1.865076 -0.044304 0.997626 -0.052713 89.117531 0.057608 0.055228 0.996810 36.452217 0.000000 0.000000 0.000000 1.000000
0.998242 0.032587 -0.049511 2.511381 -0.034578 0.998605 -0.039903 88.655342 0.048142 0.041545 0.997976 43.038689 0.000000 0.000000 0.000000 1.000000
0.998924 0.025577 -0.038697 3.227566 -0.026682 0.999243 -0.028316 88.417061 0.037943 0.029318 0.998850 49.434338 0.000000 0.000000 0.000000 1.000000
0.999433 0.019542 -0.027401 3.879645 -0.020039 0.999637 -0.017998 88.288322 0.027039 0.018537 0.999462 55.353149 0.000000 0.000000 0.000000 1.000000
0.999794 0.013454 -0.015205 4.477948 -0.013592 0.999867 -0.008989 88.469231 0.015082 0.009193 0.999844 60.834362 0.000000 0.000000 0.000000 1.000000
0.999965 0.008069 -0.002159 4.923379 -0.008071 0.999967 -0.001303 89.119896 0.002149 0.001320 0.999997 66.012970 0.000000 0.000000 0.000000 1.000000
0.999927 0.003587 0.011569 5.081332 -0.003646 0.999981 0.005053 90.345680 -0.011551 -0.005095 0.999920 70.993492 0.000000 0.000000 0.000000 1.000000
0.999670 -0.000641 0.025669 4.979118 0.000383 0.999949 0.010079 91.774712 -0.025674 -0.010066 0.999620 75.874039 0.000000 0.000000 0.000000 1.000000
0.999193 -0.004914 0.039876 4.677263 0.004368 0.999895 0.013787 93.000603 -0.039940 -0.013602 0.999110 80.910172 0.000000 0.000000 0.000000 1.000000
0.998503 -0.009187 0.053922 4.385769 0.008455 0.999869 0.013804 93.986176 -0.054042 -0.013328 0.998450 86.072525 0.000000 0.000000 0.000000 1.000000
0.997666 -0.013189 0.067003 4.123936 0.012584 0.999876 0.009437 94.424416 -0.067119 -0.008572 0.997708 91.184135 0.000000 0.000000 0.000000 1.000000
0.996721 -0.017545 0.078986 3.835532 0.017629 0.999845 -0.000371 94.233276 -0.078967 0.001763 0.996876 96.282600 0.000000 0.000000 0.000000 1.000000
0.994721 -0.034733 0.096561 3.473466 0.036151 0.999262 -0.012983 93.608208 -0.096039 0.016405 0.995242 101.570732 0.000000 0.000000 0.000000 1.000000
0.991993 -0.050123 0.115918 3.098377 0.053553 0.998209 -0.026665 92.472420 -0.114374 0.032659 0.992901 107.029694 0.000000 0.000000 0.000000 1.000000
0.990173 -0.057721 0.127376 2.715800 0.063574 0.997078 -0.042364 91.237427 -0.124559 0.050045 0.990949 112.330414 0.000000 0.000000 0.000000 1.000000
0.990306 -0.053603 0.128146 2.184424 0.059802 0.997195 -0.045020 89.952728 -0.125374 0.052247 0.990733 117.939598 0.000000 0.000000 0.000000 1.000000
0.992553 -0.033577 0.117092 1.524636 0.037416 0.998827 -0.030743 89.004448 -0.115923 0.034895 0.992645 124.089394 0.000000 0.000000 0.000000 1.000000
0.994270 -0.020842 0.104844 0.840066 0.023728 0.999371 -0.026350 88.524399 -0.104229 0.028687 0.994140 130.308472 0.000000 0.000000 0.000000 1.000000
0.995540 -0.012090 0.093565 0.173845 0.014513 0.999575 -0.025267 88.321945 -0.093220 0.026512 0.995293 136.141083 0.000000 0.000000 0.000000 1.000000
0.996549 -0.006805 0.082722 -0.510481 0.009049 0.999601 -0.026776 88.695602 -0.082507 0.027432 0.996213 141.521149 0.000000 0.000000 0.000000 1.000000
0.997383 -0.003858 0.072199 -1.013438 0.006022 0.999538 -0.029785 89.495796 -0.072050 0.030141 0.996945 146.242279 0.000000 0.000000 0.000000 1.000000
0.998075 -0.003109 0.061948 -1.108936 0.005172 0.999436 -0.033166 90.757370 -0.061810 0.033423 0.997528 150.742844 0.000000 0.000000 0.000000 1.000000
0.998642 -0.003480 0.051984 -0.830734 0.005344 0.999346 -0.035763 92.322891 -0.051826 0.035992 0.998007 155.308273 0.000000 0.000000 0.000000 1.000000
0.999090 -0.003877 0.042477 -0.389171 0.005425 0.999323 -0.036389 93.888077 -0.042307 0.036587 0.998435 159.781296 0.000000 0.000000 0.000000 1.000000
0.999431 -0.003453 0.033539 0.020288 0.004588 0.999417 -0.033836 95.154388 -0.033402 0.033970 0.998864 164.157578 0.000000 0.000000 0.000000 1.000000</float_array><technique_common><accessor source="#swat_Hips-Matrix-animation-output-transform-array" count="32" stride="16"><param type="float4x4"/></accessor></technique_common></source><source id="swat_Hips-Interpolations"><Name_array id="swat_Hips-Interpolations-array" count="32">
 LINEAR LINEAR LINEAR LINEAR LINEAR LINEAR LINEAR LINEAR LINEAR LINEAR LINEAR
LINEAR LINEAR LINEAR LINEAR LINEAR LINEAR LINEAR LINEAR LINEAR LINEAR LINEAR LINEAR
LINEAR LINEAR LINEAR LINEAR LINEAR LINEAR LINEAR LINEAR LINEAR</Name_array><technique_common><accessor source="#swat_Hips-Interpolations-array" count="32"><param type="name"/></accessor></technique_common></source><sampler id="swat_Hips-Matrix-animation-transform"><input semantic="INPUT" source="#swat_Hips-Matrix-animation-input"/><input semantic="OUTPUT" source="#swat_Hips-Matrix-animation-output-transform"/><input semantic="INTERPOLATION" source="#swat_Hips-Interpolations"/></sampler><channel source="#swat_Hips-Matrix-animation-transform" target="swat_Hips/matrix"/></animation>
    <animation id="swat_Spine-anim" name="swat_Spine"><source id="swat_Spine-Matrix-animation-input"><float_array id="swat_Spine-Matrix-animation-input-array" count="32">

0.000000 0.033333 0.066667 0.100000 0.133333 0.166667 0.200000 0.233333 0.266667 0.300000 0.333333 0.366667 0.400000 0.433333 0.466667 0.500000
0.533333 0.566667 0.600000 0.633333 0.666667 0.700000 0.733333 0.766667 0.800000 0.833333 0.866667 0.900000 0.933333 0.966667 1.000000 1.033333</float_array><technique_common><accessor source="#swat_Spine-Matrix-animation-input-array" count="32"><param name="TIME" type="float"/></accessor></technique_common></source><source id="swat_Spine-Matrix-animation-output-transform"><float_array id="swat_Spine-Matrix-animation-output-transform-array" count="512">

0.999726 0.005444 -0.022747 0.000000 -0.007858 0.994186 -0.107390 9.226300 0.022031 0.107540 0.993957 1.577100 0.000000 0.000000 0.000000 1.000000
0.999930 0.009923 -0.006482 0.000000 -0.010525 0.994869 -0.100624 9.226300 0.005450 0.100685 0.994903 1.577100 0.000000 0.000000 0.000000 1.000000
0.999938 -0.000406 0.011163 0.000000 0.001443 0.995664 -0.093012 9.226300 -0.011076 0.093022 0.995602 1.577100 0.000000 0.000000 0.000000 1.000000
0.998482 -0.038748 0.039136 0.000000 0.041906 0.995636 -0.083380 9.226300 -0.035734 0.084893 0.995749 1.577100 0.000000 0.000000 0.000000 1.000000
0.995556 -0.070183 0.062797 0.000000 0.074617 0.994661 -0.071285 9.226300 -0.057459 0.075654 0.995477 1.577100 0.000000 0.000000 0.000000 1.000000
0.994866 -0.074057 0.068970 0.000000 0.078358 0.995002 -0.061891 9.226300 -0.064042 0.066977 0.995697 1.577100 0.000000 0.000000 0.000000 1.000000
0.995451 -0.060365 0.073715 0.000000 0.064962 0.995982 -0.061647 9.226300 -0.069698 0.066155 0.995372 1.577100 0.000000 0.000000 0.000000 1.000000
0.996523 -0.032211 0.076835 0.000000 0.037602 0.996853 -0.069781 9.226300 -0.074346 0.072428 0.994599 1.577100 0.000000 0.000000 0.000000 1.000000
0.997133 -0.011083 0.074847 0.000000 0.015759 0.997941 -0.062170 9.226300 -0.074004 0.063171 0.995255 1.577100 0.000000 0.000000 0.000000 1.000000
0.997544 0.011388 0.069104 0.000000 -0.007232 0.998167 -0.060088 9.226300 -0.069662 0.059441 0.995798 1.577100 0.000000 0.000000 0.000000 1.000000
0.997440 0.021206 0.068288 -0.000000 -0.016798 0.997777 -0.064485 9.226300 -0.069503 0.063172 0.995580 1.577100 0.000000 0.000000 0.000000 1.000000
0.998210 0.022202 0.055536 -0.000000 -0.018286 0.997375 -0.070058 9.226300 -0.056946 0.068917 0.995996 1.577100 0.000000 0.000000 0.000000 1.000000
0.999609 0.016923 0.022275 0.000000 -0.015173 0.996953 -0.076515 9.226300 -0.023502 0.076147 0.996820 1.577100 0.000000 0.000000 0.000000 1.000000
0.999875 0.010451 -0.011855 -0.000000 -0.011405 0.996450 -0.083412 9.226300 0.010941 0.083537 0.996445 1.577100 0.000000 0.000000 0.000000 1.000000
0.999332 0.008022 -0.035640 -0.000000 -0.011137 0.996050 -0.088091 9.226300 0.034793 0.088429 0.995475 1.577100 0.000000 0.000000 0.000000 1.000000
0.998362 0.013422 -0.055620 0.000000 -0.018244 0.996032 -0.087110 9.226300 0.054230 0.087982 0.994645 1.577100 0.000000 0.000000 0.000000 1.000000
0.996989 0.018236 -0.075373 0.000000 -0.024608 0.996120 -0.084497 9.226300 0.073540 0.086098 0.993569 1.577100 0.000000 0.000000 0.000000 1.000000
0.995498 0.021667 -0.092272 -0.000000 -0.029662 0.995838 -0.086174 9.226300 0.090021 0.088523 0.991998 1.577100 0.000000 0.000000 0.000000 1.000000
0.994069 0.028823 -0.104858 0.000000 -0.037967 0.995547 -0.086278 9.226300 0.101904 0.089748 0.990738 1.577100 0.000000 0.000000 0.000000 1.000000
0.990892 0.057291 -0.121860 0.000000 -0.067101 0.994694 -0.077988 9.226300 0.116745 0.085455 0.989479 1.577100 0.000000 0.000000 0.000000 1.000000
0.987930 0.080220 -0.132511 -0.000000 -0.089293 0.993947 -0.064001 9.226300 0.126575 0.075061 0.989113 1.577100 0.000000 0.000000 0.000000 1.000000
0.988382 0.080675 -0.128813 0.000000 -0.088242 0.994626 -0.054154 9.226300 0.123752 0.064891 0.990189 1.577100 0.000000 0.000000 0.000000 1.000000
0.990632 0.066883 -0.119062 -0.000000 -0.074238 0.995526 -0.058446 9.226300 0.114620 0.066737 0.991165 1.577100 0.000000 0.000000 0.000000 1.000000
0.993511 0.036396 -0.107753 0.000000 -0.044404 0.996352 -0.072877 9.226300 0.104708 0.077189 0.991503 1.577100 0.000000 0.000000 0.000000 1.000000
0.993821 0.011426 -0.110401 0.000000 -0.019492 0.997195 -0.072268 9.226300 0.109265 0.073974 0.991256 1.577100 0.000000 0.000000 0.000000 1.000000
0.992525 0.002752 -0.122010 0.000000 -0.011157 0.997605 -0.068262 9.226300 0.121530 0.069113 0.990179 1.577100 0.000000 0.000000 0.000000 1.000000
0.993300 0.004991 -0.115455 0.000000 -0.012703 0.997729 -0.066154 9.226300 0.114863 0.067178 0.991107 1.577100 0.000000 0.000000 0.000000 1.000000
0.996092 0.011461 -0.087572 -0.000000 -0.017954 0.997117 -0.073722 9.226300 0.086475 0.075007 0.993426 1.577100 0.000000 0.000000 0.000000 1.000000
0.998054 0.015359 -0.060427 0.000000 -0.020310 0.996410 -0.082192 9.226300 0.058947 0.083259 0.994783 1.577100 0.000000 0.000000 0.000000 1.000000
0.998979 0.014095 -0.042925 0.000000 -0.017761 0.996115 -0.086249 9.226300 0.041542 0.086924 0.995348 1.577100 0.000000 0.000000 0.000000 1.000000
0.999456 0.010120 -0.031379 0.000000 -0.013011 0.995548 -0.093358 9.226300 0.030294 0.093716 0.995138 1.577100 0.000000 0.000000 0.000000 1.000000
0.999726 0.005444 -0.022747 0.000000 -0.007858 0.994186 -0.107390 9.226300 0.022031 0.107540 0.993957 1.577100 0.000000 0.000000 0.000000 1.000000</float_array><technique_common><accessor source="#swat_Spine-Matrix-animation-output-transform-array" count="32" stride="16"><param type="float4x4"/></accessor></technique_common></source><source id="swat_Spine-Interpolations"><Name_array id="swat_Spine-Interpolations-array" count="32">
 LINEAR LINEAR LINEAR LINEAR LINEAR LINEAR LINEAR LINEAR LINEAR LINEAR LINEAR
LINEAR LINEAR LINEAR LINEAR LINEAR LINEAR LINEAR LINEAR LINEAR LINEAR LINEAR LINEAR
LINEAR LINEAR LINEAR LINEAR LINEAR LINEAR LINEAR LINEAR LINEAR</Name_array><technique_common><accessor source="#swat_Spine-Interpolations-array" count="32"><param type="name"/></accessor></technique_common></source><sampler id="swat_Spine-Matrix-animation-transform"><input semantic="INPUT" source="#swat_Spine-Matrix-animation-input"/><input semantic="OUTPUT" source="#swat_Spine-Matrix-animation-output-transform"/><input semantic="INTERPOLATION" source="#swat_Spine-Interpolations"/></sampler><channel source="#swat_Spine-Matrix-animation-transform" target="swat_Spine/matrix"/></animation>
    <animation id="swat_Spine1-anim" name="swat_Spine1"><source id="swat_Spine1-Matrix-animation-input"><float_array id="swat_Spine1-Matrix-animation-input-array" count="32">

0.000000 0.033333 0.066667 0.100000 0.133333 0.166667 0.200000 0.233333 0.266667 0.300000 0.333333 0.366667 0.400000 0.433333 0.466667 0.500000
0.533333 0.566667 0.600000 0.633333 0.666667 0.700000 0.733333 0.766667 0.800000 0.833333 0.866667 0.900000 0.933333 0.966667 1.000000 1.033333</float_array><technique_common><accessor source="#swat_Spine1-Matrix-animation-input-array" count="32"><param name="TIME" type="float"/></accessor></technique_common></source><source id="swat_Spine1-Matrix-animation-output-transform"><float_array id="swat_Spine1-Matrix-animation-output-transform-array" count="512">

0.998877 -0.021488 -0.042215 0.000000 0.019647 0.998858 -0.043549 16.254000 0.043103 0.042670 0.998159 -0.165600 0.000000 0.000000 0.000000 1.000000
0.999414 -0.011801 -0.032122 0.000000 0.010546 0.999185 -0.038965 16.254000 0.032556 0.038603 0.998724 -0.165600 0.000000 0.000000 0.000000 1.000000
0.999764 0.000591 -0.021709 0.000000 -0.001354 0.999382 -0.035128 16.254000 0.021675 0.035150 0.999147 -0.165600 0.000000 0.000000 0.000000 1.000000
0.999771 0.018103 -0.011382 -0.000000 -0.018481 0.999250 -0.034039 16.254000 0.010758 0.034241 0.999356 -0.165600 0.000000 0.000000 0.000000 1.000000
0.999523 0.030890 0.000516 -0.000000 -0.030853 0.998911 -0.034993 16.254000 -0.001597 0.034961 0.999387 -0.165600 0.000000 0.000000 0.000000 1.000000
0.999336 0.033079 0.015279 -0.000000 -0.032528 0.998857 -0.035021 16.254000 -0.016420 0.034501 0.999270 -0.165600 0.000000 0.000000 0.000000 1.000000
0.999084 0.030720 0.029802 0.000000 -0.029658 0.998931 -0.035444 16.254000 -0.030859 0.034528 0.998927 -0.165600 0.000000 0.000000 0.000000 1.000000
0.998768 0.029010 0.040255 -0.000000 -0.027522 0.998935 -0.037021 16.254000 -0.041286 0.035867 0.998503 -0.165600 0.000000 0.000000 0.000000 1.000000
0.998661 0.025117 0.045220 -0.000000 -0.023603 0.999153 -0.033702 16.254000 -0.046028 0.032590 0.998408 -0.165600 0.000000 0.000000 0.000000 1.000000
0.998998 0.013644 0.042636 -0.000000 -0.012543 0.999584 -0.025982 16.254000 -0.042973 0.025421 0.998753 -0.165600 0.000000 0.000000 0.000000 1.000000
0.999347 0.012356 0.033947 -0.000000 -0.011604 0.999685 -0.022242 16.254000 -0.034211 0.021833 0.999176 -0.165600 0.000000 0.000000 0.000000 1.000000
0.999562 0.012609 0.026772 0.000000 -0.012006 0.999673 -0.022560 16.254000 -0.027048 0.022228 0.999387 -0.165600 0.000000 0.000000 0.000000 1.000000
0.999796 0.009744 0.017680 0.000000 -0.009276 0.999609 -0.026383 16.254000 -0.017930 0.026213 0.999496 -0.165600 0.000000 0.000000 0.000000 1.000000
0.999977 0.006712 0.000963 0.000000 -0.006679 0.999497 -0.030990 16.254000 -0.001171 0.030983 0.999519 -0.165600 0.000000 0.000000 0.000000 1.000000
0.999805 0.004416 -0.019235 -0.000000 -0.005055 0.999433 -0.033289 16.254000 0.019077 0.033380 0.999261 -0.165600 0.000000 0.000000 0.000000 1.000000
0.999306 -0.002008 -0.037189 0.000000 0.000730 0.999409 -0.034353 16.254000 0.037236 0.034302 0.998718 -0.165600 0.000000 0.000000 0.000000 1.000000
0.998479 -0.009706 -0.054266 0.000000 0.007775 0.999333 -0.035679 16.254000 0.054576 0.035203 0.997889 -0.165600 0.000000 0.000000 0.000000 1.000000
0.997222 -0.018320 -0.072204 -0.000000 0.015709 0.999208 -0.036565 16.254000 0.072817 0.035330 0.996719 -0.165600 0.000000 0.000000 0.000000 1.000000
0.995594 -0.029975 -0.088847 0.000000 0.026677 0.998918 -0.038082 16.254000 0.089892 0.035544 0.995317 -0.165600 0.000000 0.000000 0.000000 1.000000
0.993593 -0.046226 -0.103133 0.000000 0.041965 0.998189 -0.043108 16.254000 0.104939 0.038504 0.993733 -0.165600 0.000000 0.000000 0.000000 1.000000
0.991398 -0.057175 -0.117730 0.000000 0.051915 0.997532 -0.047274 16.254000 0.120142 0.040756 0.991920 -0.165600 0.000000 0.000000 0.000000 1.000000
0.989758 -0.056947 -0.130909 0.000000 0.051333 0.997627 -0.045877 16.254000 0.133210 0.038687 0.990332 -0.165600 0.000000 0.000000 0.000000 1.000000
0.988911 -0.054690 -0.138076 0.000000 0.048865 0.997781 -0.045235 16.254000 0.140243 0.037986 0.989388 -0.165600 0.000000 0.000000 0.000000 1.000000
0.988725 -0.053723 -0.139775 0.000000 0.047624 0.997777 -0.046619 16.254000 0.141969 0.039437 0.989085 -0.165600 0.000000 0.000000 0.000000 1.000000
0.989519 -0.047128 -0.136493 0.000000 0.041672 0.998225 -0.042557 16.254000 0.138256 0.036423 0.989727 -0.165600 0.000000 0.000000 0.000000 1.000000
0.990498 -0.049641 -0.128253 0.000000 0.044612 0.998130 -0.041794 16.254000 0.130088 0.035675 0.990860 -0.165600 0.000000 0.000000 0.000000 1.000000
0.991362 -0.049138 -0.121601 0.000000 0.044488 0.998182 -0.040666 16.254000 0.123378 0.034905 0.991746 -0.165600 0.000000 0.000000 0.000000 1.000000
0.992642 -0.045919 -0.112041 -0.000000 0.041523 0.998285 -0.041268 16.254000 0.113744 0.036312 0.992846 -0.165600 0.000000 0.000000 0.000000 1.000000
0.994686 -0.041358 -0.094283 -0.000000 0.037313 0.998323 -0.044271 16.254000 0.095955 0.040517 0.994561 -0.165600 0.000000 0.000000 0.000000 1.000000
0.996778 -0.034783 -0.072281 0.000000 0.031471 0.998424 -0.046463 16.254000 0.073783 0.044039 0.996301 -0.165600 0.000000 0.000000 0.000000 1.000000
0.998163 -0.028060 -0.053688 0.000000 0.025601 0.998616 -0.045945 16.254000 0.054903 0.044486 0.997500 -0.165600 0.000000 0.000000 0.000000 1.000000
0.998877 -0.021488 -0.042215 0.000000 0.019647 0.998858 -0.043549 16.254000 0.043103 0.042670 0.998159 -0.165600 0.000000 0.000000 0.000000 1.000000</float_array><technique_common><accessor source="#swat_Spine1-Matrix-animation-output-transform-array" count="32" stride="16"><param type="float4x4"/></accessor></technique_common></source><source id="swat_Spine1-Interpolations"><Name_array id="swat_Spine1-Interpolations-array" count="32">
 LINEAR LINEAR LINEAR LINEAR LINEAR LINEAR LINEAR LINEAR LINEAR LINEAR LINEAR
LINEAR LINEAR LINEAR LINEAR LINEAR LINEAR LINEAR LINEAR LINEAR LINEAR LINEAR LINEAR
LINEAR LINEAR LINEAR LINEAR LINEAR LINEAR LINEAR LINEAR LINEAR</Name_array><technique_common><accessor source="#swat_Spine1-Interpolations-array" count="32"><param type="name"/></accessor></technique_common></source><sampler id="swat_Spine1-Matrix-animation-transform"><input semantic="INPUT" source="#swat_Spine1-Matrix-animation-input"/><input semantic="OUTPUT" source="#swat_Spine1-Matrix-animation-output-transform"/><input semantic="INTERPOLATION" source="#swat_Spine1-Interpolations"/></sampler><channel source="#swat_Spine1-Matrix-animation-transform" target="swat_Spine1/matrix"/></animation>
    <animation id="swat_Spine2-anim" name="swat_Spine2"><source id="swat_Spine2-Matrix-animation-input"><float_array id="swat_Spine2-Matrix-animation-input-array" count="32">

0.000000 0.033333 0.066667 0.100000 0.133333 0.166667 0.200000 0.233333 0.266667 0.300000 0.333333 0.366667 0.400000 0.433333 0.466667 0.500000
0.533333 0.566667 0.600000 0.633333 0.666667 0.700000 0.733333 0.766667 0.800000 0.833333 0.866667 0.900000 0.933333 0.966667 1.000000 1.033333</float_array><technique_common><accessor source="#swat_Spine2-Matrix-animation-input-array" count="32"><param name="TIME" type="float"/></accessor></technique_common></source><source id="swat_Spine2-Matrix-animation-output-transform"><float_array id="swat_Spine2-Matrix-animation-output-transform-array" count="512">

0.998867 -0.023401 -0.041444 -0.000000 0.021613 0.998838 -0.043085 13.639600 0.042404 0.042141 0.998211 -1.292300 0.000000 0.000000 0.000000 1.000000
0.999418 -0.013431 -0.031365 0.000000 0.012214 0.999177 -0.038669 13.639600 0.031859 0.038263 0.998760 -1.292300 0.000000 0.000000 0.000000 1.000000
0.999776 -0.000779 -0.021149 0.000000 0.000041 0.999393 -0.034841 13.639600 0.021164 0.034833 0.999169 -1.292300 0.000000 0.000000 0.000000 1.000000
0.999792 0.017009 -0.011258 -0.000000 -0.017376 0.999292 -0.033378 13.639600 0.010682 0.033567 0.999379 -1.292300 0.000000 0.000000 0.000000 1.000000
0.999544 0.030189 0.000256 0.000000 -0.030163 0.998976 -0.033708 13.639600 -0.001273 0.033685 0.999432 -1.292300 0.000000 0.000000 0.000000 1.000000
0.999353 0.032757 0.014879 0.000000 -0.032242 0.998914 -0.033624 13.639600 -0.015964 0.033122 0.999324 -1.292300 0.000000 0.000000 0.000000 1.000000
0.999094 0.030832 0.029330 0.000000 -0.029818 0.998963 -0.034405 13.639600 -0.030360 0.033499 0.998978 -1.292300 0.000000 0.000000 0.000000 1.000000
0.998769 0.029660 0.039760 0.000000 -0.028227 0.998949 -0.036122 13.639600 -0.040789 0.034955 0.998556 -1.292300 0.000000 0.000000 0.000000 1.000000
0.998654 0.025633 0.045086 0.000000 -0.024162 0.999167 -0.032878 13.639600 -0.045892 0.031745 0.998442 -1.292300 0.000000 0.000000 0.000000 1.000000
0.998979 0.013355 0.043159 0.000000 -0.012251 0.999594 -0.025736 13.639600 -0.043485 0.025181 0.998737 -1.292300 0.000000 0.000000 0.000000 1.000000
0.999329 0.011580 0.034734 -0.000000 -0.010831 0.999706 -0.021680 13.639600 -0.034975 0.021289 0.999161 -1.292300 0.000000 0.000000 0.000000 1.000000
0.999546 0.011925 0.027669 0.000000 -0.011325 0.999700 -0.021731 13.639600 -0.027920 0.021408 0.999381 -1.292300 0.000000 0.000000 0.000000 1.000000
0.999783 0.009376 0.018587 0.000000 -0.008897 0.999631 -0.025683 13.639600 -0.018821 0.025512 0.999497 -1.292300 0.000000 0.000000 0.000000 1.000000
0.999978 0.006323 0.001806 0.000000 -0.006265 0.999512 -0.030605 13.639600 -0.001998 0.030593 0.999530 -1.292300 0.000000 0.000000 0.000000 1.000000
0.999823 0.003632 -0.018466 -0.000000 -0.004245 0.999439 -0.033235 13.639600 0.018335 0.033307 0.999277 -1.292300 0.000000 0.000000 0.000000 1.000000
0.999331 -0.003280 -0.036437 0.000000 0.002027 0.999407 -0.034371 13.639600 0.036528 0.034274 0.998745 -1.292300 0.000000 0.000000 0.000000 1.000000
0.998501 -0.011511 -0.053513 0.000000 0.009618 0.999324 -0.035497 13.639600 0.053885 0.034929 0.997936 -1.292300 0.000000 0.000000 0.000000 1.000000
0.997233 -0.020574 -0.071430 0.000000 0.018032 0.999187 -0.036047 13.639600 0.072114 0.034660 0.996794 -1.292300 0.000000 0.000000 0.000000 1.000000
0.995594 -0.032564 -0.087934 0.000000 0.029420 0.998889 -0.036822 13.639600 0.089036 0.034073 0.995445 -1.292300 0.000000 0.000000 0.000000 1.000000
0.993575 -0.049389 -0.101827 0.000000 0.045488 0.998152 -0.040284 13.639600 0.103629 0.035394 0.993986 -1.292300 0.000000 0.000000 0.000000 1.000000
0.991372 -0.060924 -0.116057 0.000000 0.056202 0.997470 -0.043541 13.639600 0.118416 0.036642 0.992288 -1.292300 0.000000 0.000000 0.000000 1.000000
0.989750 -0.060705 -0.129267 0.000000 0.055591 0.997535 -0.042811 13.639600 0.131548 0.035186 0.990685 -1.292300 0.000000 0.000000 0.000000 1.000000
0.988908 -0.058620 -0.136476 0.000000 0.053232 0.997665 -0.042796 13.639600 0.138666 0.035056 0.989719 -1.292300 0.000000 0.000000 0.000000 1.000000
0.988693 -0.058089 -0.138245 0.000000 0.052451 0.997650 -0.044082 13.639600 0.140481 0.036332 0.989417 -1.292300 0.000000 0.000000 0.000000 1.000000
0.989458 -0.051042 -0.135530 -0.000000 0.045923 0.998118 -0.040636 13.639600 0.137349 0.033983 0.989940 -1.292300 0.000000 0.000000 0.000000 1.000000
0.990404 -0.053032 -0.127624 0.000000 0.048435 0.998070 -0.038859 13.639600 0.129438 0.032305 0.991061 -1.292300 0.000000 0.000000 0.000000 1.000000
0.991261 -0.052124 -0.121183 0.000000 0.047859 0.998137 -0.037844 13.639600 0.122930 0.031713 0.991909 -1.292300 0.000000 0.000000 0.000000 1.000000
0.992545 -0.048850 -0.111662 0.000000 0.044732 0.998234 -0.039095 13.639600 0.113374 0.033809 0.992977 -1.292300 0.000000 0.000000 0.000000 1.000000
0.994600 -0.044413 -0.093801 0.000000 0.040545 0.998263 -0.042744 13.639600 0.095536 0.038710 0.994673 -1.292300 0.000000 0.000000 0.000000 1.000000
0.996720 -0.037599 -0.071662 0.000000 0.034382 0.998368 -0.045604 13.639600 0.073260 0.042990 0.996386 -1.292300 0.000000 0.000000 0.000000 1.000000
0.998136 -0.030323 -0.052958 0.000000 0.027923 0.998575 -0.045487 13.639600 0.054261 0.043923 0.997560 -1.292300 0.000000 0.000000 0.000000 1.000000
0.998867 -0.023401 -0.041444 0.000000 0.021613 0.998838 -0.043085 13.639600 0.042404 0.042141 0.998211 -1.292300 0.000000 0.000000 0.000000 1.000000</float_array><technique_common><accessor source="#swat_Spine2-Matrix-animation-output-transform-array" count="32" stride="16"><param type="float4x4"/></accessor></technique_common></source><source id="swat_Spine2-Interpolations"><Name_array id="swat_Spine2-Interpolations-array" count="32">
 LINEAR LINEAR LINEAR LINEAR LINEAR LINEAR LINEAR LINEAR LINEAR LINEAR LINEAR
LINEAR LINEAR LINEAR LINEAR LINEAR LINEAR LINEAR LINEAR LINEAR LINEAR LINEAR LINEAR
LINEAR LINEAR LINEAR LINEAR LINEAR LINEAR LINEAR LINEAR LINEAR</Name_array><technique_common><accessor source="#swat_Spine2-Interpolations-array" count="32"><param type="name"/></accessor></technique_common></source><sampler id="swat_Spine2-Matrix-animation-transform"><input semantic="INPUT" source="#swat_Spine2-Matrix-animation-input"/><input semantic="OUTPUT" source="#swat_Spine2-Matrix-animation-output-transform"/><input semantic="INTERPOLATION" source="#swat_Spine2-Interpolations"/></sampler><channel source="#swat_Spine2-Matrix-animation-transform" target="swat_Spine2/matrix"/></animation>
    <animation id="swat_Neck-anim" name="swat_Neck"><source id="swat_Neck-Matrix-animation-input"><float_array id="swat_Neck-Matrix-animation-input-array" count="32">

0.000000 0.033333 0.066667 0.100000 0.133333 0.166667 0.200000 0.233333 0.266667 0.300000 0.333333 0.366667 0.400000 0.433333 0.466667 0.500000
0.533333 0.566667 0.600000 0.633333 0.666667 0.700000 0.733333 0.766667 0.800000 0.833333 0.866667 0.900000 0.933333 0.966667 1.000000 1.033333</float_array><technique_common><accessor source="#swat_Neck-Matrix-animation-input-array" count="32"><param name="TIME" type="float"/></accessor></technique_common></source><source id="swat_Neck-Matrix-animation-output-transform"><float_array id="swat_Neck-Matrix-animation-output-transform-array" count="512">

0.999825 0.002020 0.018619 0.000000 -0.002097 0.999989 0.004107 13.877400 -0.018610 -0.004145 0.999818 -4.354200 0.000000 0.000000 0.000000 1.000000
0.999860 0.002994 0.016467 0.000000 -0.003057 0.999988 0.003787 13.877400 -0.016456 -0.003836 0.999857 -4.354200 0.000000 0.000000 0.000000 1.000000
0.999905 0.002191 0.013598 0.000000 -0.002253 0.999987 0.004560 13.877400 -0.013588 -0.004590 0.999897 -4.354200 0.000000 0.000000 0.000000 1.000000
0.999949 -0.002217 0.009871 0.000000 0.002164 0.999983 0.005387 13.877400 -0.009883 -0.005365 0.999937 -4.354200 0.000000 0.000000 0.000000 1.000000
0.999957 -0.007119 0.005905 0.000000 0.007089 0.999962 0.005163 13.877400 -0.005942 -0.005121 0.999969 -4.354200 0.000000 0.000000 0.000000 1.000000
0.999959 -0.008726 0.002390 0.000000 0.008713 0.999949 0.005171 13.877400 -0.002435 -0.005150 0.999984 -4.354200 0.000000 0.000000 0.000000 1.000000
0.999970 -0.007768 -0.000693 -0.000000 0.007773 0.999948 0.006578 13.877400 0.000642 -0.006583 0.999978 -4.354200 0.000000 0.000000 0.000000 1.000000
0.999979 -0.005566 -0.003233 0.000000 0.005589 0.999959 0.007133 13.877400 0.003193 -0.007151 0.999969 -4.354200 0.000000 0.000000 0.000000 1.000000
0.999991 0.000916 -0.004162 0.000000 -0.000899 0.999991 0.004143 13.877400 0.004166 -0.004140 0.999983 -4.354200 0.000000 0.000000 0.000000 1.000000
0.999922 0.012212 -0.002754 -0.000000 -0.012206 0.999923 0.002147 13.877400 0.002780 -0.002113 0.999994 -4.354200 0.000000 0.000000 0.000000 1.000000
0.999839 0.017954 -0.000723 0.000000 -0.017952 0.999836 0.002346 13.877400 0.000765 -0.002332 0.999997 -4.354200 0.000000 0.000000 0.000000 1.000000
0.999751 0.022246 0.001916 0.000000 -0.022249 0.999751 0.001540 13.877400 -0.001881 -0.001582 0.999997 -4.354200 0.000000 0.000000 0.000000 1.000000
0.999675 0.024855 0.005744 0.000000 -0.024862 0.999690 0.001142 13.877400 -0.005714 -0.001284 0.999983 -4.354200 0.000000 0.000000 0.000000 1.000000
0.999691 0.022658 0.010192 0.000000 -0.022675 0.999742 0.001549 13.877400 -0.010154 -0.001779 0.999947 -4.354200 0.000000 0.000000 0.000000 1.000000
0.999736 0.017759 0.014579 0.000000 -0.017766 0.999842 0.000379 13.877400 -0.014570 -0.000637 0.999894 -4.354200 0.000000 0.000000 0.000000 1.000000
0.999722 0.014115 0.018896 -0.000000 -0.014068 0.999898 -0.002651 13.877400 -0.018931 0.002385 0.999818 -4.354200 0.000000 0.000000 0.000000 1.000000
0.999665 0.011167 0.023341 0.000000 -0.011045 0.999925 -0.005343 13.877400 -0.023399 0.005083 0.999713 -4.354200 0.000000 0.000000 0.000000 1.000000
0.999565 0.009203 0.028007 0.000000 -0.009042 0.999942 -0.005850 13.877400 -0.028060 0.005595 0.999591 -4.354200 0.000000 0.000000 0.000000 1.000000
0.999416 0.010190 0.032629 0.000000 -0.010043 0.999939 -0.004665 13.877400 -0.032675 0.004335 0.999457 -4.354200 0.000000 0.000000 0.000000 1.000000
0.999202 0.014512 0.037218 0.000000 -0.014409 0.999892 -0.003035 13.877400 -0.037258 0.002497 0.999303 -4.354200 0.000000 0.000000 0.000000 1.000000
0.998966 0.018733 0.041430 0.000000 -0.018676 0.999824 -0.001769 13.877400 -0.041456 0.000993 0.999140 -4.354200 0.000000 0.000000 0.000000 1.000000
0.998803 0.020181 0.044550 0.000000 -0.020211 0.999796 0.000226 13.877400 -0.044536 -0.001126 0.999007 -4.354200 0.000000 0.000000 0.000000 1.000000
0.998751 0.018940 0.046235 0.000000 -0.019098 0.999813 0.002988 13.877400 -0.046170 -0.003867 0.998926 -4.354200 0.000000 0.000000 0.000000 1.000000
0.998782 0.015642 0.046786 0.000000 -0.015872 0.999864 0.004549 13.877400 -0.046709 -0.005286 0.998895 -4.354200 0.000000 0.000000 0.000000 1.000000
0.998932 0.005648 0.045862 0.000000 -0.005742 0.999982 0.001939 13.877400 -0.045850 -0.002200 0.998946 -4.354200 0.000000 0.000000 0.000000 1.000000
0.999020 0.000339 0.044257 -0.000000 -0.000359 1.000000 0.000441 13.877400 -0.044257 -0.000456 0.999020 -4.354200 0.000000 0.000000 0.000000 1.000000
0.999146 -0.004867 0.041040 0.000000 0.004880 0.999988 -0.000212 13.877400 -0.041038 0.000412 0.999157 -4.354200 0.000000 0.000000 0.000000 1.000000
0.999312 -0.009298 0.035896 0.000000 0.009265 0.999956 0.001088 13.877400 -0.035905 -0.000755 0.999355 -4.354200 0.000000 0.000000 0.000000 1.000000
0.999505 -0.009438 0.030020 0.000000 0.009365 0.999953 0.002595 13.877400 -0.030043 -0.002312 0.999546 -4.354200 0.000000 0.000000 0.000000 1.000000
0.999680 -0.005999 0.024566 0.000000 0.005937 0.999979 0.002616 13.877400 -0.024582 -0.002469 0.999695 -4.354200 0.000000 0.000000 0.000000 1.000000
0.999789 -0.001511 0.020505 0.000000 0.001458 0.999996 0.002575 13.877400 -0.020508 -0.002545 0.999786 -4.354200 0.000000 0.000000 0.000000 1.000000
0.999825 0.002020 0.018619 0.000000 -0.002097 0.999989 0.004107 13.877400 -0.018610 -0.004145 0.999818 -4.354200 0.000000 0.000000 0.000000 1.000000</float_array><technique_common><accessor source="#swat_Neck-Matrix-animation-output-transform-array" count="32" stride="16"><param type="float4x4"/></accessor></technique_common></source><source id="swat_Neck-Interpolations"><Name_array id="swat_Neck-Interpolations-array" count="32">
 LINEAR LINEAR LINEAR LINEAR LINEAR LINEAR LINEAR LINEAR LINEAR LINEAR LINEAR
LINEAR LINEAR LINEAR LINEAR LINEAR LINEAR LINEAR LINEAR LINEAR LINEAR LINEAR LINEAR
LINEAR LINEAR LINEAR LINEAR LINEAR LINEAR LINEAR LINEAR LINEAR</Name_array><technique_common><accessor source="#swat_Neck-Interpolations-array" count="32"><param type="name"/></accessor></technique_common></source><sampler id="swat_Neck-Matrix-animation-transform"><input semantic="INPUT" source="#swat_Neck-Matrix-animation-input"/><input semantic="OUTPUT" source="#swat_Neck-Matrix-animation-output-transform"/><input semantic="INTERPOLATION" source="#swat_Neck-Interpolations"/></sampler><channel source="#swat_Neck-Matrix-animation-transform" target="swat_Neck/matrix"/></animation>
    <animation id="swat_Neck1-anim" name="swat_Neck1"><source id="swat_Neck1-Matrix-animation-input"><float_array id="swat_Neck1-Matrix-animation-input-array" count="32">

0.000000 0.033333 0.066667 0.100000 0.133333 0.166667 0.200000 0.233333 0.266667 0.300000 0.333333 0.366667 0.400000 0.433333 0.466667 0.500000
0.533333 0.566667 0.600000 0.633333 0.666667 0.700000 0.733333 0.766667 0.800000 0.833333 0.866667 0.900000 0.933333 0.966667 1.000000 1.033333</float_array><technique_common><accessor source="#swat_Neck1-Matrix-animation-input-array" count="32"><param name="TIME" type="float"/></accessor></technique_common></source><source id="swat_Neck1-Matrix-animation-output-transform"><float_array id="swat_Neck1-Matrix-animation-output-transform-array" count="512">

0.999825 0.002020 0.018619 -0.000000 -0.002097 0.999989 0.004106 4.340000 -0.018610 -0.004145 0.999818 0.926900 0.000000 0.000000 0.000000 1.000000
0.999860 0.002994 0.016467 0.000000 -0.003057 0.999988 0.003787 4.340000 -0.016456 -0.003837 0.999857 0.926900 0.000000 0.000000 0.000000 1.000000
0.999905 0.002191 0.013598 -0.000000 -0.002253 0.999987 0.004560 4.340000 -0.013588 -0.004590 0.999897 0.926900 0.000000 0.000000 0.000000 1.000000
0.999949 -0.002217 0.009871 0.000000 0.002164 0.999983 0.005385 4.340000 -0.009883 -0.005364 0.999937 0.926900 0.000000 0.000000 0.000000 1.000000
0.999957 -0.007119 0.005905 0.000000 0.007089 0.999962 0.005163 4.340000 -0.005942 -0.005121 0.999969 0.926900 0.000000 0.000000 0.000000 1.000000
0.999959 -0.008726 0.002390 -0.000000 0.008713 0.999949 0.005170 4.340000 -0.002435 -0.005149 0.999984 0.926900 0.000000 0.000000 0.000000 1.000000
0.999970 -0.007768 -0.000693 0.000000 0.007773 0.999948 0.006578 4.340000 0.000642 -0.006583 0.999978 0.926900 0.000000 0.000000 0.000000 1.000000
0.999979 -0.005566 -0.003233 0.000000 0.005589 0.999959 0.007134 4.340000 0.003193 -0.007151 0.999969 0.926900 0.000000 0.000000 0.000000 1.000000
0.999991 0.000916 -0.004162 0.000000 -0.000899 0.999991 0.004143 4.340000 0.004166 -0.004140 0.999983 0.926900 0.000000 0.000000 0.000000 1.000000
0.999922 0.012212 -0.002754 0.000000 -0.012206 0.999923 0.002146 4.340000 0.002780 -0.002112 0.999994 0.926900 0.000000 0.000000 0.000000 1.000000
0.999839 0.017954 -0.000723 0.000000 -0.017952 0.999836 0.002345 4.340000 0.000765 -0.002331 0.999997 0.926900 0.000000 0.000000 0.000000 1.000000
0.999751 0.022246 0.001916 0.000000 -0.022249 0.999751 0.001538 4.340000 -0.001881 -0.001581 0.999997 0.926900 0.000000 0.000000 0.000000 1.000000
0.999675 0.024855 0.005744 -0.000000 -0.024862 0.999690 0.001139 4.340000 -0.005714 -0.001281 0.999983 0.926900 0.000000 0.000000 0.000000 1.000000
0.999691 0.022658 0.010192 -0.000000 -0.022675 0.999742 0.001547 4.340000 -0.010154 -0.001778 0.999947 0.926900 0.000000 0.000000 0.000000 1.000000
0.999736 0.017759 0.014579 0.000000 -0.017767 0.999842 0.000377 4.340000 -0.014570 -0.000636 0.999894 0.926900 0.000000 0.000000 0.000000 1.000000
0.999722 0.014115 0.018896 0.000000 -0.014068 0.999898 -0.002651 4.340000 -0.018931 0.002385 0.999818 0.926900 0.000000 0.000000 0.000000 1.000000
0.999665 0.011167 0.023341 0.000000 -0.011045 0.999925 -0.005343 4.340000 -0.023399 0.005083 0.999713 0.926900 0.000000 0.000000 0.000000 1.000000
0.999565 0.009203 0.028007 -0.000000 -0.009042 0.999942 -0.005850 4.340000 -0.028060 0.005595 0.999591 0.926900 0.000000 0.000000 0.000000 1.000000
0.999416 0.010190 0.032629 0.000000 -0.010043 0.999939 -0.004665 4.340000 -0.032675 0.004335 0.999457 0.926900 0.000000 0.000000 0.000000 1.000000
0.999202 0.014512 0.037218 0.000000 -0.014409 0.999892 -0.003035 4.340000 -0.037258 0.002497 0.999303 0.926900 0.000000 0.000000 0.000000 1.000000
0.998966 0.018733 0.041431 0.000000 -0.018676 0.999824 -0.001770 4.340000 -0.041456 0.000995 0.999140 0.926900 0.000000 0.000000 0.000000 1.000000
0.998803 0.020181 0.044550 0.000000 -0.020211 0.999796 0.000226 4.340000 -0.044536 -0.001126 0.999007 0.926900 0.000000 0.000000 0.000000 1.000000
0.998751 0.018940 0.046235 0.000000 -0.019098 0.999813 0.002988 4.340000 -0.046169 -0.003867 0.998926 0.926900 0.000000 0.000000 0.000000 1.000000
0.998782 0.015642 0.046786 0.000000 -0.015872 0.999864 0.004549 4.340000 -0.046708 -0.005286 0.998895 0.926900 0.000000 0.000000 0.000000 1.000000
0.998932 0.005647 0.045862 -0.000000 -0.005742 0.999982 0.001936 4.340000 -0.045850 -0.002198 0.998946 0.926900 0.000000 0.000000 0.000000 1.000000
0.999020 0.000339 0.044257 0.000000 -0.000359 1.000000 0.000441 4.340000 -0.044257 -0.000456 0.999020 0.926900 0.000000 0.000000 0.000000 1.000000
0.999146 -0.004867 0.041040 0.000000 0.004880 0.999988 -0.000213 4.340000 -0.041038 0.000413 0.999157 0.926900 0.000000 0.000000 0.000000 1.000000
0.999312 -0.009299 0.035896 0.000000 0.009265 0.999956 0.001088 4.340000 -0.035904 -0.000755 0.999355 0.926900 0.000000 0.000000 0.000000 1.000000
0.999505 -0.009438 0.030020 0.000000 0.009365 0.999953 0.002595 4.340000 -0.030043 -0.002312 0.999546 0.926900 0.000000 0.000000 0.000000 1.000000
0.999680 -0.005999 0.024567 0.000000 0.005937 0.999979 0.002617 4.340000 -0.024582 -0.002470 0.999695 0.926900 0.000000 0.000000 0.000000 1.000000
0.999789 -0.001511 0.020505 0.000000 0.001458 0.999996 0.002575 4.340000 -0.020508 -0.002545 0.999786 0.926900 0.000000 0.000000 0.000000 1.000000
0.999825 0.002020 0.018619 -0.000000 -0.002097 0.999989 0.004107 4.340000 -0.018610 -0.004145 0.999818 0.926900 0.000000 0.000000 0.000000 1.000000</float_array><technique_common><accessor source="#swat_Neck1-Matrix-animation-output-transform-array" count="32" stride="16"><param type="float4x4"/></accessor></technique_common></source><source id="swat_Neck1-Interpolations"><Name_array id="swat_Neck1-Interpolations-array" count="32">
 LINEAR LINEAR LINEAR LINEAR LINEAR LINEAR LINEAR LINEAR LINEAR LINEAR LINEAR
LINEAR LINEAR LINEAR LINEAR LINEAR LINEAR LINEAR LINEAR LINEAR LINEAR LINEAR LINEAR
LINEAR LINEAR LINEAR LINEAR LINEAR LINEAR LINEAR LINEAR LINEAR</Name_array><technique_common><accessor source="#swat_Neck1-Interpolations-array" count="32"><param type="name"/></accessor></technique_common></source><sampler id="swat_Neck1-Matrix-animation-transform"><input semantic="INPUT" source="#swat_Neck1-Matrix-animation-input"/><input semantic="OUTPUT" source="#swat_Neck1-Matrix-animation-output-transform"/><input semantic="INTERPOLATION" source="#swat_Neck1-Interpolations"/></sampler><channel source="#swat_Neck1-Matrix-animation-transform" target="swat_Neck1/matrix"/></animation>
