<?xml version="1.0" encoding="utf-8"?>
<COLLADA xmlns="http://www.collada.org/2005/11/COLLADASchema" version="1.4.1">
  <asset><contributor><author>Mixamo</author><authoring_tool>COLLADA Mixamo exporter</authoring_tool><comments></comments></contributor><created>2018-10-13T13:45:45Z</created><modified>2018-10-13T13:45:45Z</modified><revision></revision><title></title><unit meter="0.010000"/><up_axis>Y_UP</up_axis></asset>
  <library_animations>
    <animation id="mixamorig_Hips-anim" name="mixamorig_Hips"><source id="mixamorig_Hips-Matrix-animation-input"><float_array id="mixamorig_Hips-Matrix-animation-input-array" count="22">

0.000000 0.033333 0.066667 0.100000 0.133333 0.166667 0.200000 0.233333 0.266667 0.300000 0.333333 0.366667 0.400000 0.433333 0.466667 0.500000
0.533333 0.566667 0.600000 0.633333 0.666667 0.700000</float_array><technique_common><accessor source="#mixamorig_Hips-Matrix-animation-input-array" count="22"><param name="TIME" type="float"/></accessor></technique_common></source><source id="mixamorig_Hips-Matrix-animation-output-transform"><float_array id="mixamorig_Hips-Matrix-animation-output-transform-array" count="352">

0.992924 0.014516 -0.117862 0.263049 -0.025500 0.995411 -0.092227 97.554840 0.115983 0.094580 0.988738 1.352594 0.000000 0.000000 0.000000 1.000000
0.989084 -0.001730 -0.147343 2.048531 -0.012890 0.995082 -0.098212 99.050232 0.146788 0.099039 0.984197 1.267912 0.000000 0.000000 0.000000 1.000000
0.974522 -0.021739 -0.223238 4.021925 -0.002433 0.994209 -0.107439 101.473122 0.224280 0.105245 0.968825 1.058685 0.000000 0.000000 0.000000 1.000000
0.943279 -0.046400 -0.328743 5.817438 0.007279 0.992838 -0.119249 103.581116 0.331922 0.110092 0.936860 0.833862 0.000000 0.000000 0.000000 1.000000
0.892593 -0.074821 -0.444612 6.758731 0.017199 0.991067 -0.132253 105.663635 0.450536 0.110401 0.885906 0.759629 0.000000 0.000000 0.000000 1.000000
0.826905 -0.103395 -0.552755 6.541050 0.026946 0.989108 -0.144705 106.959908 0.561696 0.104763 0.820684 0.941525 0.000000 0.000000 0.000000 1.000000
0.758175 -0.124867 -0.639983 5.553928 0.034806 0.987844 -0.151504 107.014427 0.651121 0.092591 0.753305 1.254739 0.000000 0.000000 0.000000 1.000000
0.706147 -0.136211 -0.694841 4.357996 0.038118 0.987212 -0.154788 105.612099 0.707039 0.082817 0.702309 1.574402 0.000000 0.000000 0.000000 1.000000
0.664816 -0.138840 -0.733991 3.442181 0.037670 0.987557 -0.152684 103.287010 0.746057 0.073858 0.661774 1.878455 0.000000 0.000000 0.000000 1.000000
0.628431 -0.139293 -0.765292 3.144533 0.039261 0.988262 -0.147636 101.180824 0.776874 0.062733 0.626523 2.178150 0.000000 0.000000 0.000000 1.000000
0.593158 -0.139797 -0.792856 3.234992 0.042524 0.988874 -0.142546 100.106949 0.803962 0.050837 0.592503 2.505644 0.000000 0.000000 0.000000 1.000000
0.558648 -0.143216 -0.816946 3.432252 0.048294 0.988925 -0.140340 100.089752 0.827998 0.038948 0.559377 2.845670 0.000000 0.000000 0.000000 1.000000
0.532047 -0.149086 -0.833486 3.627307 0.055787 0.988410 -0.141187 100.678955 0.844875 0.028621 0.534198 3.158858 0.000000 0.000000 0.000000 1.000000
0.506363 -0.156897 -0.847926 3.642735 0.063620 0.987426 -0.144717 101.579140 0.859970 0.019334 0.509978 3.390034 0.000000 0.000000 0.000000 1.000000
0.459920 -0.164861 -0.872522 3.336022 0.067857 0.986266 -0.150584 102.528152 0.885364 0.010050 0.464791 3.467963 0.000000 0.000000 0.000000 1.000000
0.394241 -0.171501 -0.902863 2.806543 0.066654 0.985182 -0.158032 102.998680 0.916587 0.002123 0.399831 3.359340 0.000000 0.000000 0.000000 1.000000
0.319233 -0.176901 -0.931019 2.173967 0.060225 0.984224 -0.166360 102.892601 0.945761 -0.002963 0.324851 3.059028 0.000000 0.000000 0.000000 1.000000
0.238257 -0.174877 -0.955328 1.361627 0.048625 0.984570 -0.168102 102.079391 0.969984 -0.006401 0.243084 2.602211 0.000000 0.000000 0.000000 1.000000
0.136840 -0.156803 -0.978104 0.429899 0.028697 0.987605 -0.154311 100.802689 0.990177 -0.006952 0.139644 2.028793 0.000000 0.000000 0.000000 1.000000
0.018712 -0.127971 -0.991601 -0.499835 0.003316 0.991777 -0.127931 99.417015 0.999819 -0.000894 0.018982 1.447415 0.000000 0.000000 0.000000 1.000000
-0.074559 -0.103998 -0.991779 -1.183682 -0.014429 0.994555 -0.103204 98.267883 0.997112 0.006616 -0.075654 0.817480 0.000000 0.000000 0.000000 1.000000
-0.110231 -0.094494 -0.989404 -1.479992 -0.025500 0.995411 -0.092227 97.554832 0.993579 0.015063 -0.112135 0.538434 0.000000 0.000000 0.000000 1.000000</float_array><technique_common><accessor source="#mixamorig_Hips-Matrix-animation-output-transform-array" count="22" stride="16"><param type="float4x4"/></accessor></technique_common></source><source id="mixamorig_Hips-Interpolations"><Name_array id="mixamorig_Hips-Interpolations-array" count="22">
 LINEAR LINEAR LINEAR LINEAR LINEAR LINEAR LINEAR LINEAR LINEAR LINEAR LINEAR
LINEAR LINEAR LINEAR LINEAR LINEAR LINEAR LINEAR LINEAR LINEAR LINEAR LINEAR</Name_array><technique_common><accessor source="#mixamorig_Hips-Interpolations-array" count="22"><param type="name"/></accessor></technique_common></source><sampler id="mixamorig_Hips-Matrix-animation-transform"><input semantic="INPUT" source="#mixamorig_Hips-Matrix-animation-input"/><input semantic="OUTPUT" source="#mixamorig_Hips-Matrix-animation-output-transform"/><input semantic="INTERPOLATION" source="#mixamorig_Hips-Interpolations"/></sampler><channel source="#mixamorig_Hips-Matrix-animation-transform" target="mixamorig_Hips/matrix"/></animation>
    <animation id="mixamorig_Spine-anim" name="mixamorig_Spine"><source id="mixamorig_Spine-Matrix-animation-input"><float_array id="mixamorig_Spine-Matrix-animation-input-array" count="22">

0.000000 0.033333 0.066667 0.100000 0.133333 0.166667 0.200000 0.233333 0.266667 0.300000 0.333333 0.366667 0.400000 0.433333 0.466667 0.500000
0.533333 0.566667 0.600000 0.633333 0.666667 0.700000</float_array><technique_common><accessor source="#mixamorig_Spine-Matrix-animation-input-array" count="22"><param name="TIME" type="float"/></accessor></technique_common></source><source id="mixamorig_Spine-Matrix-animation-output-transform"><float_array id="mixamorig_Spine-Matrix-animation-output-transform-array" count="352">

0.994899 -0.082938 0.057417 -0.038100 0.091138 0.983025 -0.159234 9.490500 -0.043235 0.163655 0.985570 -1.392100 0.000000 0.000000 0.000000 1.000000
0.994912 -0.081810 0.058801 -0.038100 0.090070 0.983756 -0.155278 9.490500 -0.045142 0.159784 0.986119 -1.392100 0.000000 0.000000 0.000000 1.000000
0.995041 -0.078210 0.061456 -0.038100 0.086481 0.985487 -0.146068 9.490500 -0.049140 0.150659 0.987364 -1.392100 0.000000 0.000000 0.000000 1.000000
0.995419 -0.071586 0.063371 -0.038100 0.079629 0.987620 -0.135155 9.490500 -0.052911 0.139582 0.988796 -1.392100 0.000000 0.000000 0.000000 1.000000
0.996126 -0.062128 0.062231 -0.038100 0.069745 0.989210 -0.128835 9.490500 -0.053555 0.132676 0.989712 -1.392100 0.000000 0.000000 0.000000 1.000000
0.997108 -0.051966 0.055463 -0.038100 0.058651 0.990213 -0.126640 9.490500 -0.048339 0.129527 0.990397 -1.392100 0.000000 0.000000 0.000000 1.000000
0.997796 -0.046030 0.047793 -0.038100 0.051874 0.990251 -0.129274 9.490500 -0.041377 0.131468 0.990457 -1.392100 0.000000 0.000000 0.000000 1.000000
0.997729 -0.050846 0.044187 -0.038100 0.056346 0.989414 -0.133737 9.490500 -0.036919 0.135923 0.990031 -1.392100 0.000000 0.000000 0.000000 1.000000
0.996913 -0.066081 0.042391 -0.038100 0.071482 0.987279 -0.142024 9.490500 -0.032467 0.144616 0.988955 -1.392100 0.000000 0.000000 0.000000 1.000000
0.995591 -0.084391 0.040939 -0.038100 0.089575 0.984908 -0.148093 9.490500 -0.027823 0.151108 0.988126 -1.392100 0.000000 0.000000 0.000000 1.000000
0.994068 -0.100819 0.040785 -0.038100 0.105869 0.982889 -0.150734 9.490500 -0.024890 0.154158 0.987733 -1.392100 0.000000 0.000000 0.000000 1.000000
0.993041 -0.109971 0.042143 -0.038100 0.115104 0.981996 -0.149785 9.490500 -0.024912 0.153593 0.987820 -1.392100 0.000000 0.000000 0.000000 1.000000
0.992997 -0.109270 0.044916 -0.038100 0.114735 0.982587 -0.146148 9.490500 -0.028164 0.150278 0.988242 -1.392100 0.000000 0.000000 0.000000 1.000000
0.994040 -0.098063 0.047629 -0.038100 0.103919 0.984385 -0.142079 9.490500 -0.032952 0.146182 0.988709 -1.392100 0.000000 0.000000 0.000000 1.000000
0.995168 -0.084637 0.049780 -0.038100 0.090801 0.986194 -0.138482 9.490500 -0.037372 0.142333 0.989113 -1.392100 0.000000 0.000000 0.000000 1.000000
0.995819 -0.075428 0.051522 -0.038100 0.081824 0.987314 -0.136075 9.490500 -0.040604 0.139722 0.989358 -1.392100 0.000000 0.000000 0.000000 1.000000
0.996035 -0.070314 0.054508 -0.038100 0.077111 0.987880 -0.134712 9.490500 -0.044375 0.138381 0.989384 -1.392100 0.000000 0.000000 0.000000 1.000000
0.995874 -0.067304 0.060868 -0.038100 0.075107 0.987772 -0.136620 9.490500 -0.050928 0.140628 0.988752 -1.392100 0.000000 0.000000 0.000000 1.000000
0.995503 -0.066577 0.067392 -0.038100 0.075647 0.986901 -0.142492 9.490500 -0.057022 0.146949 0.987499 -1.392100 0.000000 0.000000 0.000000 1.000000
0.995214 -0.070697 0.067459 -0.038100 0.080182 0.985397 -0.150209 9.490500 -0.055854 0.154899 0.986350 -1.392100 0.000000 0.000000 0.000000 1.000000
0.995050 -0.078050 0.061508 -0.038100 0.086853 0.983829 -0.156646 9.490500 -0.048287 0.161212 0.985738 -1.392100 0.000000 0.000000 0.000000 1.000000
0.994899 -0.082938 0.057417 -0.038100 0.091138 0.983025 -0.159234 9.490500 -0.043236 0.163655 0.985570 -1.392100 0.000000 0.000000 0.000000 1.000000</float_array><technique_common><accessor source="#mixamorig_Spine-Matrix-animation-output-transform-array" count="22" stride="16"><param type="float4x4"/></accessor></technique_common></source><source id="mixamorig_Spine-Interpolations"><Name_array id="mixamorig_Spine-Interpolations-array" count="22">
 LINEAR LINEAR LINEAR LINEAR LINEAR LINEAR LINEAR LINEAR LINEAR LINEAR LINEAR
LINEAR LINEAR LINEAR LINEAR LINEAR LINEAR LINEAR LINEAR LINEAR LINEAR LINEAR</Name_array><technique_common><accessor source="#mixamorig_Spine-Interpolations-array" count="22"><param type="name"/></accessor></technique_common></source><sampler id="mixamorig_Spine-Matrix-animation-transform"><input semantic="INPUT" source="#mixamorig_Spine-Matrix-animation-input"/><input semantic="OUTPUT" source="#mixamorig_Spine-Matrix-animation-output-transform"/><input semantic="INTERPOLATION" source="#mixamorig_Spine-Interpolations"/></sampler><channel source="#mixamorig_Spine-Matrix-animation-transform" target="mixamorig_Spine/matrix"/></animation>
    <animation id="mixamorig_Spine1-anim" name="mixamorig_Spine1"><source id="mixamorig_Spine1-Matrix-animation-input"><float_array id="mixamorig_Spine1-Matrix-animation-input-array" count="22">

0.000000 0.033333 0.066667 0.100000 0.133333 0.166667 0.200000 0.233333 0.266667 0.300000 0.333333 0.366667 0.400000 0.433333 0.466667 0.500000
0.533333 0.566667 0.600000 0.633333 0.666667 0.700000</float_array><technique_common><accessor source="#mixamorig_Spine1-Matrix-animation-input-array" count="22"><param name="TIME" type="float"/></accessor></technique_common></source><source id="mixamorig_Spine1-Matrix-animation-output-transform"><float_array id="mixamorig_Spine1-Matrix-animation-output-transform-array" count="352">

0.999594 -0.018446 0.021728 -0.044200 0.020783 0.993406 -0.112746 11.072300 -0.019505 0.113152 0.993386 -1.624100 0.000000 0.000000 0.000000 1.000000
0.999535 -0.017727 0.024830 -0.044200 0.020361 0.993702 -0.110186 11.072300 -0.022720 0.110640 0.993601 -1.624100 0.000000 0.000000 0.000000 1.000000
0.999448 -0.016175 0.029015 -0.044200 0.019128 0.994333 -0.104575 11.072300 -0.027159 0.105072 0.994094 -1.624100 0.000000 0.000000 0.000000 1.000000
0.999376 -0.014328 0.032295 -0.044200 0.017480 0.994880 -0.099539 11.072300 -0.030704 0.100042 0.994509 -1.624100 0.000000 0.000000 0.000000 1.000000
0.999423 -0.012924 0.031417 -0.044200 0.015921 0.995147 -0.097100 11.072300 -0.030010 0.097544 0.994779 -1.624100 0.000000 0.000000 0.000000 1.000000
0.999552 -0.011853 0.027497 -0.044200 0.014462 0.995205 -0.096737 11.072300 -0.026219 0.097091 0.994930 -1.624100 0.000000 0.000000 0.000000 1.000000
0.999682 -0.011071 0.022648 -0.044200 0.013248 0.995062 -0.098368 11.072300 -0.021447 0.098637 0.994892 -1.624100 0.000000 0.000000 0.000000 1.000000
0.999757 -0.011372 0.018880 -0.044200 0.013276 0.994486 -0.104027 11.072300 -0.017593 0.104253 0.994395 -1.624100 0.000000 0.000000 0.000000 1.000000
0.999757 -0.015633 0.015543 -0.044200 0.017266 0.993652 -0.111161 11.072300 -0.013706 0.111402 0.993681 -1.624100 0.000000 0.000000 0.000000 1.000000
0.999686 -0.021671 0.012546 -0.044200 0.022982 0.992975 -0.116071 11.072300 -0.009942 0.116323 0.993162 -1.624100 0.000000 0.000000 0.000000 1.000000
0.999597 -0.026408 0.010426 -0.044200 0.027458 0.992583 -0.118429 11.072300 -0.007221 0.118668 0.992908 -1.624100 0.000000 0.000000 0.000000 1.000000
0.999568 -0.027125 0.011286 -0.044200 0.028268 0.992625 -0.117881 11.072300 -0.008006 0.118149 0.992964 -1.624100 0.000000 0.000000 0.000000 1.000000
0.999575 -0.025288 0.014474 -0.044200 0.026788 0.993001 -0.115026 11.072300 -0.011464 0.115365 0.993257 -1.624100 0.000000 0.000000 0.000000 1.000000
0.999595 -0.022469 0.017457 -0.044200 0.024285 0.993418 -0.111944 11.072300 -0.014826 0.112323 0.993561 -1.624100 0.000000 0.000000 0.000000 1.000000
0.999639 -0.018970 0.019053 -0.044200 0.020947 0.993760 -0.109553 11.072300 -0.016856 0.109912 0.993798 -1.624100 0.000000 0.000000 0.000000 1.000000
0.999671 -0.015872 0.020145 -0.044200 0.017954 0.994009 -0.107814 11.072300 -0.018313 0.108141 0.993967 -1.624100 0.000000 0.000000 0.000000 1.000000
0.999671 -0.013859 0.021573 -0.044200 0.016083 0.994170 -0.106617 11.072300 -0.019970 0.106929 0.994066 -1.624100 0.000000 0.000000 0.000000 1.000000
0.999575 -0.012411 0.026391 -0.044200 0.015146 0.994240 -0.106105 11.072300 -0.024922 0.106459 0.994005 -1.624100 0.000000 0.000000 0.000000 1.000000
0.999431 -0.012187 0.031439 -0.044200 0.015479 0.994170 -0.106708 11.072300 -0.029956 0.107134 0.993793 -1.624100 0.000000 0.000000 0.000000 1.000000
0.999410 -0.014552 0.031098 -0.044200 0.017867 0.993866 -0.109137 11.072300 -0.029320 0.109629 0.993540 -1.624100 0.000000 0.000000 0.000000 1.000000
0.999519 -0.017320 0.025717 -0.044200 0.020092 0.993533 -0.111749 11.072300 -0.023615 0.112212 0.993404 -1.624100 0.000000 0.000000 0.000000 1.000000
0.999594 -0.018446 0.021728 -0.044200 0.020783 0.993406 -0.112746 11.072300 -0.019505 0.113152 0.993386 -1.624100 0.000000 0.000000 0.000000 1.000000</float_array><technique_common><accessor source="#mixamorig_Spine1-Matrix-animation-output-transform-array" count="22" stride="16"><param type="float4x4"/></accessor></technique_common></source><source id="mixamorig_Spine1-Interpolations"><Name_array id="mixamorig_Spine1-Interpolations-array" count="22">
 LINEAR LINEAR LINEAR LINEAR LINEAR LINEAR LINEAR LINEAR LINEAR LINEAR LINEAR
LINEAR LINEAR LINEAR LINEAR LINEAR LINEAR LINEAR LINEAR LINEAR LINEAR LINEAR</Name_array><technique_common><accessor source="#mixamorig_Spine1-Interpolations-array" count="22"><param type="name"/></accessor></technique_common></source><sampler id="mixamorig_Spine1-Matrix-animation-transform"><input semantic="INPUT" source="#mixamorig_Spine1-Matrix-animation-input"/><input semantic="OUTPUT" source="#mixamorig_Spine1-Matrix-animation-output-transform"/><input semantic="INTERPOLATION" source="#mixamorig_Spine1-Interpolations"/></sampler><channel source="#mixamorig_Spine1-Matrix-animation-transform" target="mixamorig_Spine1/matrix"/></animation>
    <animation id="mixamorig_Spine2-anim" name="mixamorig_Spine2"><source id="mixamorig_Spine2-Matrix-animation-input"><float_array id="mixamorig_Spine2-Matrix-animation-input-array" count="22">

0.000000 0.033333 0.066667 0.100000 0.133333 0.166667 0.200000 0.233333 0.266667 0.300000 0.333333 0.366667 0.400000 0.433333 0.466667 0.500000
0.533333 0.566667 0.600000 0.633333 0.666667 0.700000</float_array><technique_common><accessor source="#mixamorig_Spine2-Matrix-animation-input-array" count="22"><param name="TIME" type="float"/></accessor></technique_common></source><source id="mixamorig_Spine2-Matrix-animation-output-transform"><float_array id="mixamorig_Spine2-Matrix-animation-output-transform-array" count="352">

0.999594 -0.019130 0.021099 -0.050500 0.021390 0.993401 -0.112681 12.654000 -0.018804 0.113086 0.993407 -1.856100 0.000000 0.000000 0.000000 1.000000
0.999624 -0.017944 0.020727 -0.050500 0.020118 0.993733 -0.109957 12.654000 -0.018624 0.110332 0.993720 -1.856100 0.000000 0.000000 0.000000 1.000000
0.999685 -0.015275 0.019891 -0.050500 0.017278 0.994343 -0.104804 12.654000 -0.018177 0.105115 0.994294 -1.856100 0.000000 0.000000 0.000000 1.000000
0.999739 -0.013093 0.018699 -0.050500 0.014911 0.994811 -0.100642 12.654000 -0.017284 0.100895 0.994747 -1.856100 0.000000 0.000000 0.000000 1.000000
0.999799 -0.010805 0.016897 -0.050500 0.012397 0.995192 -0.097151 12.654000 -0.015766 0.097341 0.995126 -1.856100 0.000000 0.000000 0.000000 1.000000
0.999847 -0.009723 0.014553 -0.050500 0.011081 0.995288 -0.096327 12.654000 -0.013547 0.096474 0.995243 -1.856100 0.000000 0.000000 0.000000 1.000000
0.999888 -0.009104 0.011902 -0.050500 0.010244 0.994978 -0.099566 12.654000 -0.010936 0.099677 0.994960 -1.856100 0.000000 0.000000 0.000000 1.000000
0.999914 -0.010076 0.008413 -0.050500 0.010902 0.994442 -0.104720 12.654000 -0.007311 0.104803 0.994466 -1.856100 0.000000 0.000000 0.000000 1.000000
0.999893 -0.013801 0.004767 -0.050500 0.014247 0.993640 -0.111697 12.654000 -0.003195 0.111753 0.993731 -1.856100 0.000000 0.000000 0.000000 1.000000
0.999798 -0.020059 0.001538 -0.050500 0.020102 0.993038 -0.116071 12.654000 0.000801 0.116078 0.993240 -1.856100 0.000000 0.000000 0.000000 1.000000
0.999696 -0.024649 -0.000900 -0.050500 0.024369 0.992667 -0.118398 12.654000 0.003812 0.118340 0.992966 -1.856100 0.000000 0.000000 0.000000 1.000000
0.999673 -0.025580 -0.000494 -0.050500 0.025343 0.992702 -0.117902 12.654000 0.003506 0.117851 0.993025 -1.856100 0.000000 0.000000 0.000000 1.000000
0.999715 -0.023777 0.002158 -0.050500 0.023867 0.993027 -0.115444 12.654000 0.000602 0.115463 0.993312 -1.856100 0.000000 0.000000 0.000000 1.000000
0.999776 -0.020558 0.005121 -0.050500 0.021004 0.993440 -0.112412 12.654000 -0.002776 0.112495 0.993648 -1.856100 0.000000 0.000000 0.000000 1.000000
0.999829 -0.016927 0.007494 -0.050500 0.017648 0.993806 -0.109718 12.654000 -0.005590 0.109831 0.993935 -1.856100 0.000000 0.000000 0.000000 1.000000
0.999860 -0.014102 0.009043 -0.050500 0.014995 0.994068 -0.107720 12.654000 -0.007471 0.107840 0.994140 -1.856100 0.000000 0.000000 0.000000 1.000000
0.999862 -0.012142 0.011315 -0.050500 0.013277 0.994241 -0.106340 12.654000 -0.009959 0.106475 0.994265 -1.856100 0.000000 0.000000 0.000000 1.000000
0.999832 -0.011531 0.014255 -0.050500 0.012978 0.994279 -0.106022 12.654000 -0.012951 0.106189 0.994262 -1.856100 0.000000 0.000000 0.000000 1.000000
0.999782 -0.012339 0.016865 -0.050500 0.014080 0.994126 -0.107307 12.654000 -0.015442 0.107521 0.994083 -1.856100 0.000000 0.000000 0.000000 1.000000
0.999716 -0.014241 0.019104 -0.050500 0.016253 0.993835 -0.109676 12.654000 -0.017424 0.109955 0.993784 -1.856100 0.000000 0.000000 0.000000 1.000000
0.999638 -0.017230 0.020647 -0.050500 0.019434 0.993543 -0.111780 12.654000 -0.018588 0.112140 0.993519 -1.856100 0.000000 0.000000 0.000000 1.000000
0.999592 -0.019089 0.021230 -0.050500 0.021364 0.993402 -0.112678 12.654000 -0.018939 0.113085 0.993405 -1.856100 0.000000 0.000000 0.000000 1.000000</float_array><technique_common><accessor source="#mixamorig_Spine2-Matrix-animation-output-transform-array" count="22" stride="16"><param type="float4x4"/></accessor></technique_common></source><source id="mixamorig_Spine2-Interpolations"><Name_array id="mixamorig_Spine2-Interpolations-array" count="22">
 LINEAR LINEAR LINEAR LINEAR LINEAR LINEAR LINEAR LINEAR LINEAR LINEAR LINEAR
LINEAR LINEAR LINEAR LINEAR LINEAR LINEAR LINEAR LINEAR LINEAR LINEAR LINEAR</Name_array><technique_common><accessor source="#mixamorig_Spine2-Interpolations-array" count="22"><param type="name"/></accessor></technique_common></source><sampler id="mixamorig_Spine2-Matrix-animation-transform"><input semantic="INPUT" source="#mixamorig_Spine2-Matrix-animation-input"/><input semantic="OUTPUT" source="#mixamorig_Spine2-Matrix-animation-output-transform"/><input semantic="INTERPOLATION" source="#mixamorig_Spine2-Interpolations"/></sampler><channel source="#mixamorig_Spine2-Matrix-animation-transform" target="mixamorig_Spine2/matrix"/></animation>
    <animation id="mixamorig_Neck-anim" name="mixamorig_Neck"><source id="mixamorig_Neck-Matrix-animation-input"><float_array id="mixamorig_Neck-Matrix-animation-input-array" count="22">

0.000000 0.033333 0.066667 0.100000 0.133333 0.166667 0.200000 0.233333 0.266667 0.300000 0.333333 0.366667 0.400000 0.433333 0.466667 0.500000
0.533333 0.566667 0.600000 0.633333 0.666667 0.700000</float_array><technique_common><accessor source="#mixamorig_Neck-Matrix-animation-input-array" count="22"><param name="TIME" type="float"/></accessor></technique_common></source><source id="mixamorig_Neck-Matrix-animation-output-transform"><float_array id="mixamorig_Neck-Matrix-animation-output-transform-array" count="352">

0.999650 0.024169 -0.010732 -0.056900 -0.024553 0.999005 -0.037227 14.235800 0.009822 0.037478 0.999249 -2.088100 0.000000 0.000000 0.000000 1.000000
0.999541 0.020633 -0.022186 -0.056900 -0.021426 0.999117 -0.036151 14.235800 0.021421 0.036610 0.999100 -2.088100 0.000000 0.000000 0.000000 1.000000
0.999383 0.018084 -0.030103 -0.056900 -0.019091 0.999256 -0.033515 14.235800 0.029475 0.034069 0.998985 -2.088100 0.000000 0.000000 0.000000 1.000000
0.999260 0.015668 -0.035121 -0.056900 -0.016657 0.999468 -0.028043 14.235800 0.034663 0.028607 0.998990 -2.088100 0.000000 0.000000 0.000000 1.000000
0.999238 0.012754 -0.036889 -0.056900 -0.013492 0.999712 -0.019822 14.235800 0.036626 0.020305 0.999123 -2.088100 0.000000 0.000000 0.000000 1.000000
0.999291 0.009674 -0.036377 -0.056900 -0.010051 0.999898 -0.010192 14.235800 0.036275 0.010550 0.999286 -2.088100 0.000000 0.000000 0.000000 1.000000
0.999364 0.008120 -0.034723 -0.056900 -0.008163 0.999966 -0.001107 14.235800 0.034712 0.001390 0.999396 -2.088100 0.000000 0.000000 0.000000 1.000000
0.999435 0.007938 -0.032664 -0.056900 -0.007747 0.999952 0.005976 14.235800 0.032710 -0.005720 0.999449 -2.088100 0.000000 0.000000 0.000000 1.000000
0.999535 0.008666 -0.029227 -0.056900 -0.008288 0.999881 0.013043 14.235800 0.029337 -0.012795 0.999488 -2.088100 0.000000 0.000000 0.000000 1.000000
0.999645 0.010375 -0.024557 -0.056900 -0.009919 0.999777 0.018633 14.235800 0.024745 -0.018383 0.999525 -2.088100 0.000000 0.000000 0.000000 1.000000
0.999733 0.012873 -0.019166 -0.056900 -0.012484 0.999717 0.020257 14.235800 0.019422 -0.020013 0.999611 -2.088100 0.000000 0.000000 0.000000 1.000000
0.999753 0.016146 -0.015263 -0.056900 -0.015877 0.999720 0.017573 14.235800 0.015543 -0.017326 0.999729 -2.088100 0.000000 0.000000 0.000000 1.000000
0.999734 0.018614 -0.013649 -0.056900 -0.018450 0.999757 0.012054 14.235800 0.013870 -0.011799 0.999834 -2.088100 0.000000 0.000000 0.000000 1.000000
0.999706 0.020304 -0.013231 -0.056900 -0.020237 0.999782 0.005224 14.235800 0.013334 -0.004954 0.999899 -2.088100 0.000000 0.000000 0.000000 1.000000
0.999674 0.021614 -0.013555 -0.056900 -0.021650 0.999762 -0.002515 14.235800 0.013498 0.002808 0.999905 -2.088100 0.000000 0.000000 0.000000 1.000000
0.999631 0.022603 -0.015055 -0.056900 -0.022750 0.999694 -0.009703 14.235800 0.014831 0.010042 0.999840 -2.088100 0.000000 0.000000 0.000000 1.000000
0.999590 0.023330 -0.016604 -0.056900 -0.023600 0.999589 -0.016260 14.235800 0.016217 0.016645 0.999730 -2.088100 0.000000 0.000000 0.000000 1.000000
0.999572 0.023857 -0.016955 -0.056900 -0.024229 0.999462 -0.022086 14.235800 0.016419 0.022488 0.999612 -2.088100 0.000000 0.000000 0.000000 1.000000
0.999573 0.024226 -0.016333 -0.056900 -0.024667 0.999321 -0.027364 14.235800 0.015659 0.027755 0.999492 -2.088100 0.000000 0.000000 0.000000 1.000000
0.999597 0.024303 -0.014671 -0.056900 -0.024767 0.999168 -0.032387 14.235800 0.013872 0.032737 0.999368 -2.088100 0.000000 0.000000 0.000000 1.000000
0.999627 0.024359 -0.012343 -0.056900 -0.024789 0.999046 -0.035951 14.235800 0.011456 0.036243 0.999277 -2.088100 0.000000 0.000000 0.000000 1.000000
0.999650 0.024168 -0.010732 -0.056900 -0.024553 0.999005 -0.037228 14.235800 0.009822 0.037478 0.999249 -2.088100 0.000000 0.000000 0.000000 1.000000</float_array><technique_common><accessor source="#mixamorig_Neck-Matrix-animation-output-transform-array" count="22" stride="16"><param type="float4x4"/></accessor></technique_common></source><source id="mixamorig_Neck-Interpolations"><Name_array id="mixamorig_Neck-Interpolations-array" count="22">
 LINEAR LINEAR LINEAR LINEAR LINEAR LINEAR LINEAR LINEAR LINEAR LINEAR LINEAR
LINEAR LINEAR LINEAR LINEAR LINEAR LINEAR LINEAR LINEAR LINEAR LINEAR LINEAR</Name_array><technique_common><accessor source="#mixamorig_Neck-Interpolations-array" count="22"><param type="name"/></accessor></technique_common></source><sampler id="mixamorig_Neck-Matrix-animation-transform"><input semantic="INPUT" source="#mixamorig_Neck-Matrix-animation-input"/><input semantic="OUTPUT" source="#mixamorig_Neck-Matrix-animation-output-transform"/><input semantic="INTERPOLATION" source="#mixamorig_Neck-Interpolations"/></sampler><channel source="#mixamorig_Neck-Matrix-animation-transform" target="mixamorig_Neck/matrix"/></animation>
    <animation id="mixamorig_Head-anim" name="mixamorig_Head"><source id="mixamorig_Head-Matrix-animation-input"><float_array id="mixamorig_Head-Matrix-animation-input-array" count="22">

0.000000 0.033333 0.066667 0.100000 0.133333 0.166667 0.200000 0.233333 0.266667 0.300000 0.333333 0.366667 0.400000 0.433333 0.466667 0.500000
0.533333 0.566667 0.600000 0.633333 0.666667 0.700000</float_array><technique_common><accessor source="#mixamorig_Head-Matrix-animation-input-array" count="22"><param name="TIME" type="float"/></accessor></technique_common></source><source id="mixamorig_Head-Matrix-animation-output-transform"><float_array id="mixamorig_Head-Matrix-animation-output-transform-array" count="352">

0.998865 -0.002201 -0.047588 0.000000 0.005218 0.997976 0.063381 3.280200 0.047352 -0.063558 0.996854 0.313300 0.000000 0.000000 0.000000 1.000000
0.977571 -0.058371 -0.202354 0.000000 0.069288 0.996475 0.047286 3.280200 0.198881 -0.060246 0.978170 0.313300 0.000000 0.000000 0.000000 1.000000
0.941777 -0.100588 -0.320839 0.000000 0.119215 0.992106 0.038896 3.280200 0.314394 -0.074881 0.946335 0.313300 0.000000 0.000000 0.000000 1.000000
0.910251 -0.129157 -0.393397 0.000000 0.158167 0.986515 0.042086 3.280200 0.382656 -0.100531 0.918405 0.313300 0.000000 0.000000 0.000000 1.000000
0.881332 -0.153404 -0.446902 -0.000000 0.205598 0.976101 0.070401 3.280200 0.425421 -0.153929 0.891809 0.313300 0.000000 0.000000 0.000000 1.000000
0.861744 -0.176116 -0.475794 0.000000 0.255145 0.961032 0.106384 3.280200 0.438517 -0.213073 0.873099 0.313300 0.000000 0.000000 0.000000 1.000000
0.846542 -0.194286 -0.495600 0.000000 0.302239 0.941822 0.147045 3.280200 0.438198 -0.274269 0.856013 0.313300 0.000000 0.000000 0.000000 1.000000
0.837550 -0.200896 -0.508085 0.000000 0.331319 0.926201 0.179944 3.280200 0.434439 -0.319050 0.842300 0.313300 0.000000 0.000000 0.000000 1.000000
0.833480 -0.199745 -0.515182 0.000000 0.347088 0.914731 0.206875 3.280200 0.429931 -0.351240 0.831739 0.313300 0.000000 0.000000 0.000000 1.000000
0.838040 -0.191227 -0.511000 0.000000 0.345826 0.910575 0.226399 3.280200 0.422010 -0.366449 0.829230 0.313300 0.000000 0.000000 0.000000 1.000000
0.851636 -0.167603 -0.496614 -0.000000 0.319619 0.917007 0.238626 3.280200 0.415404 -0.361950 0.834525 0.313300 0.000000 0.000000 0.000000 1.000000
0.867536 -0.139364 -0.477451 0.000000 0.285078 0.925941 0.247716 3.280200 0.407569 -0.351013 0.843017 0.313300 0.000000 0.000000 0.000000 1.000000
0.882765 -0.116804 -0.455063 0.000000 0.253608 0.933831 0.252275 3.280200 0.395485 -0.338107 0.853976 0.313300 0.000000 0.000000 0.000000 1.000000
0.896291 -0.095841 -0.432986 0.000000 0.223027 0.941325 0.253309 3.280200 0.383304 -0.323606 0.865077 0.313300 0.000000 0.000000 0.000000 1.000000
0.909858 -0.073830 -0.408299 0.000000 0.188093 0.950514 0.247273 3.280200 0.369838 -0.301781 0.878719 0.313300 0.000000 0.000000 0.000000 1.000000
0.923781 -0.053436 -0.379174 0.000000 0.151173 0.960675 0.232917 3.280200 0.351817 -0.272485 0.895532 0.313300 0.000000 0.000000 0.000000 1.000000
0.937721 -0.035428 -0.345578 0.000000 0.116124 0.969529 0.215707 3.280200 0.327406 -0.242402 0.913261 0.313300 0.000000 0.000000 0.000000 1.000000
0.950944 -0.023530 -0.308468 0.000000 0.086606 0.977482 0.192429 3.280200 0.296994 -0.209704 0.931568 0.313300 0.000000 0.000000 0.000000 1.000000
0.965345 -0.014569 -0.260572 -0.000000 0.059653 0.984326 0.165963 3.280200 0.254070 -0.175755 0.951083 0.313300 0.000000 0.000000 0.000000 1.000000
0.979875 -0.008410 -0.199434 0.000000 0.035866 0.990270 0.134459 3.280200 0.196363 -0.138906 0.970642 0.313300 0.000000 0.000000 0.000000 1.000000
0.991359 -0.003767 -0.131122 0.000000 0.017225 0.994670 0.101661 3.280200 0.130040 -0.103041 0.986140 0.313300 0.000000 0.000000 0.000000 1.000000
0.998865 -0.002201 -0.047588 0.000000 0.005218 0.997976 0.063381 3.280200 0.047352 -0.063558 0.996854 0.313300 0.000000 0.000000 0.000000 1.000000</float_array><technique_common><accessor source="#mixamorig_Head-Matrix-animation-output-transform-array" count="22" stride="16"><param type="float4x4"/></accessor></technique_common></source><source id="mixamorig_Head-Interpolations"><Name_array id="mixamorig_Head-Interpolations-array" count="22">
 LINEAR LINEAR LINEAR LINEAR LINEAR LINEAR LINEAR LINEAR LINEAR LINEAR LINEAR
LINEAR LINEAR LINEAR LINEAR LINEAR LINEAR LINEAR LINEAR LINEAR LINEAR LINEAR</Name_array><technique_common><accessor source="#mixamorig_Head-Interpolations-array" count="22"><param type="name"/></accessor></technique_common></source><sampler id="mixamorig_Head-Matrix-animation-transform"><input semantic="INPUT" source="#mixamorig_Head-Matrix-animation-input"/><input semantic="OUTPUT" source="#mixamorig_Head-Matrix-animation-output-transform"/><input semantic="INTERPOLATION" source="#mixamorig_Head-Interpolations"/></sampler><channel source="#mixamorig_Head-Matrix-animation-transform" target="mixamorig_Head/matrix"/></animation>
    <animation id="mixamorig_LeftShoulder-anim" name="mixamorig_LeftShoulder"><source id="mixamorig_LeftShoulder-Matrix-animation-input"><float_array id="mixamorig_LeftShoulder-Matrix-animation-input-array" count="22">

0.000000 0.033333 0.066667 0.100000 0.133333 0.166667 0.200000 0.233333 0.266667 0.300000 0.333333 0.366667 0.400000 0.433333 0.466667 0.500000
0.533333 0.566667 0.600000 0.633333 0.666667 0.700000</float_array><technique_common><accessor source="#mixamorig_LeftShoulder-Matrix-animation-input-array" count="22"><param name="TIME" type="float"/></accessor></technique_common></source><source id="mixamorig_LeftShoulder-Matrix-animation-output-transform"><float_array id="mixamorig_LeftShoulder-Matrix-animation-output-transform-array" count="352">

0.951726 0.254105 -0.172188 6.728800 -0.262842 0.964384 -0.029615 11.756600 0.158530 0.073444 0.984619 -2.058500 0.000000 0.000000 0.000000 1.000000
0.969326 0.168777 -0.178664 6.728800 -0.179273 0.982806 -0.044209 11.756600 0.168131 0.074882 0.982916 -2.058500 0.000000 0.000000 0.000000 1.000000
0.982851 0.034440 -0.181156 6.728800 -0.048474 0.996107 -0.073626 11.756600 0.177915 0.081144 0.980695 -2.058500 0.000000 0.000000 0.000000 1.000000
0.980842 -0.084066 -0.175734 6.728800 0.066666 0.992477 -0.102684 11.756600 0.183044 0.089002 0.979068 -2.058500 0.000000 0.000000 0.000000 1.000000
0.975755 -0.146245 -0.162832 6.728800 0.127880 0.984732 -0.118112 11.756600 0.177619 0.094426 0.979559 -2.058500 0.000000 0.000000 0.000000 1.000000
0.976277 -0.157928 -0.148128 6.728800 0.140446 0.982554 -0.121912 11.756600 0.164797 0.098216 0.981425 -2.058500 0.000000 0.000000 0.000000 1.000000
0.982404 -0.129126 -0.134940 6.728800 0.113616 0.986618 -0.116949 11.756600 0.148235 0.099560 0.983928 -2.058500 0.000000 0.000000 0.000000 1.000000
0.989153 -0.078118 -0.124392 6.728800 0.064620 0.991930 -0.109084 11.756600 0.131910 0.099863 0.986219 -2.058500 0.000000 0.000000 0.000000 1.000000
0.992863 -0.008753 -0.118937 6.728800 -0.003205 0.994985 -0.099976 11.756600 0.119216 0.099644 0.987856 -2.058500 0.000000 0.000000 0.000000 1.000000
0.992280 0.046482 -0.114981 6.728800 -0.057367 0.993989 -0.093247 11.756600 0.109955 0.099123 0.988982 -2.058500 0.000000 0.000000 0.000000 1.000000
0.991476 0.068207 -0.111006 6.728800 -0.078439 0.992796 -0.090575 11.756600 0.104028 0.098511 0.989684 -2.058500 0.000000 0.000000 0.000000 1.000000
0.992642 0.055838 -0.107447 6.728800 -0.065874 0.993555 -0.092245 11.756600 0.101603 0.098644 0.989922 -2.058500 0.000000 0.000000 0.000000 1.000000
0.994308 0.022101 -0.104226 6.728800 -0.032229 0.994810 -0.096511 11.756600 0.101552 0.099321 0.989860 -2.058500 0.000000 0.000000 0.000000 1.000000
0.994752 -0.013212 -0.101457 6.728800 0.002941 0.994910 -0.100721 11.756600 0.102272 0.099894 0.989728 -2.058500 0.000000 0.000000 0.000000 1.000000
0.994555 -0.030645 -0.099608 6.728800 0.020385 0.994531 -0.102429 11.756600 0.102203 0.099841 0.989741 -2.058500 0.000000 0.000000 0.000000 1.000000
0.994705 -0.026904 -0.099189 6.728800 0.016825 0.994736 -0.101075 11.756600 0.101387 0.098871 0.989922 -2.058500 0.000000 0.000000 0.000000 1.000000
0.994692 -0.006714 -0.102682 6.728800 -0.003323 0.995253 -0.097268 11.756600 0.102847 0.097093 0.989947 -2.058500 0.000000 0.000000 0.000000 1.000000
0.993010 0.030032 -0.114144 6.728800 -0.040466 0.995099 -0.090226 11.756600 0.110875 0.094214 0.989359 -2.058500 0.000000 0.000000 0.000000 1.000000
0.986636 0.093525 -0.133425 6.728800 -0.104481 0.991494 -0.077613 11.756600 0.125031 0.090516 0.988015 -2.058500 0.000000 0.000000 0.000000 1.000000
0.973862 0.166812 -0.154165 6.728800 -0.177690 0.982280 -0.059608 11.756600 0.141490 0.085444 0.986245 -2.058500 0.000000 0.000000 0.000000 1.000000
0.959850 0.224627 -0.168022 6.728800 -0.234380 0.971305 -0.040404 11.756600 0.154125 0.078162 0.984955 -2.058500 0.000000 0.000000 0.000000 1.000000
0.951726 0.254105 -0.172188 6.728800 -0.262842 0.964384 -0.029615 11.756600 0.158530 0.073443 0.984619 -2.058500 0.000000 0.000000 0.000000 1.000000</float_array><technique_common><accessor source="#mixamorig_LeftShoulder-Matrix-animation-output-transform-array" count="22" stride="16"><param type="float4x4"/></accessor></technique_common></source><source id="mixamorig_LeftShoulder-Interpolations"><Name_array id="mixamorig_LeftShoulder-Interpolations-array" count="22">
 LINEAR LINEAR LINEAR LINEAR LINEAR LINEAR LINEAR LINEAR LINEAR LINEAR LINEAR
LINEAR LINEAR LINEAR LINEAR LINEAR LINEAR LINEAR LINEAR LINEAR LINEAR LINEAR</Name_array><technique_common><accessor source="#mixamorig_LeftShoulder-Interpolations-array" count="22"><param type="name"/></accessor></technique_common></source><sampler id="mixamorig_LeftShoulder-Matrix-animation-transform"><input semantic="INPUT" source="#mixamorig_LeftShoulder-Matrix-animation-input"/><input semantic="OUTPUT" source="#mixamorig_LeftShoulder-Matrix-animation-output-transform"/><input semantic="INTERPOLATION" source="#mixamorig_LeftShoulder-Interpolations"/></sampler><channel source="#mixamorig_LeftShoulder-Matrix-animation-transform" target="mixamorig_LeftShoulder/matrix"/></animation>
    <animation id="mixamorig_LeftArm-anim" name="mixamorig_LeftArm"><source id="mixamorig_LeftArm-Matrix-animation-input"><float_array id="mixamorig_LeftArm-Matrix-animation-input-array" count="22">

0.000000 0.033333 0.066667 0.100000 0.133333 0.166667 0.200000 0.233333 0.266667 0.300000 0.333333 0.366667 0.400000 0.433333 0.466667 0.500000
0.533333 0.566667 0.600000 0.633333 0.666667 0.700000</float_array><technique_common><accessor source="#mixamorig_LeftArm-Matrix-animation-input-array" count="22"><param name="TIME" type="float"/></accessor></technique_common></source><source id="mixamorig_LeftArm-Matrix-animation-output-transform"><float_array id="mixamorig_LeftArm-Matrix-animation-output-transform-array" count="352">

0.342326 0.926843 0.154189 14.094700 -0.936054 0.322213 0.141354 -3.178700 0.081332 -0.192718 0.977878 0.059300 0.000000 0.000000 0.000000 1.000000
0.401360 0.899395 0.173202 14.094700 -0.915385 0.400355 0.042269 -3.178700 -0.031326 -0.175511 0.983979 0.059300 0.000000 0.000000 0.000000 1.000000
0.445658 0.867238 0.222007 14.094700 -0.871986 0.476653 -0.111546 -3.178700 -0.202558 -0.143876 0.968643 0.059300 0.000000 0.000000 0.000000 1.000000
0.500122 0.831465 0.241960 14.094700 -0.806618 0.548948 -0.219143 -3.178700 -0.315033 -0.085571 0.945215 0.059300 0.000000 0.000000 0.000000 1.000000
0.553537 0.804025 0.217119 14.094700 -0.736377 0.594288 -0.323374 -3.178700 -0.389032 0.019118 0.921026 0.059300 0.000000 0.000000 0.000000 1.000000
0.585309 0.785952 0.199231 14.094700 -0.696039 0.613082 -0.373711 -3.178700 -0.415864 0.080064 0.905896 0.059300 0.000000 0.000000 0.000000 1.000000
0.581407 0.793108 0.181509 14.094700 -0.712807 0.604092 -0.356342 -3.178700 -0.392266 0.077800 0.916556 0.059300 0.000000 0.000000 0.000000 1.000000
0.563453 0.811979 0.152349 14.094700 -0.762680 0.582128 -0.281863 -3.178700 -0.317554 0.042623 0.947282 0.059300 0.000000 0.000000 0.000000 1.000000
0.538224 0.833760 0.123121 14.094700 -0.810192 0.552092 -0.196933 -3.178700 -0.232169 0.006243 0.972655 0.059300 0.000000 0.000000 0.000000 1.000000
0.511977 0.853668 0.095560 14.094700 -0.839898 0.520814 -0.152722 -3.178700 -0.180143 -0.002070 0.983638 0.059300 0.000000 0.000000 0.000000 1.000000
0.485407 0.873018 0.047115 14.094700 -0.861185 0.486732 -0.146464 -3.178700 -0.150798 0.030520 0.988093 0.059300 0.000000 0.000000 0.000000 1.000000
0.440912 0.897344 -0.019243 14.094700 -0.886805 0.432225 -0.163581 -3.178700 -0.138471 0.089189 0.986342 0.059300 0.000000 0.000000 0.000000 1.000000
0.388777 0.917589 -0.082966 14.094700 -0.911494 0.369938 -0.179790 -3.178700 -0.134281 0.145521 0.980200 0.059300 0.000000 0.000000 0.000000 1.000000
0.339390 0.933161 -0.118426 14.094700 -0.931951 0.316499 -0.176906 -3.178700 -0.127600 0.170407 0.977077 0.059300 0.000000 0.000000 0.000000 1.000000
0.302246 0.946677 -0.111584 14.094700 -0.945276 0.282572 -0.163116 -3.178700 -0.122888 0.154779 0.980277 0.059300 0.000000 0.000000 0.000000 1.000000
0.276969 0.957452 -0.081083 14.094700 -0.954168 0.264098 -0.140768 -3.178700 -0.113365 0.116356 0.986717 0.059300 0.000000 0.000000 0.000000 1.000000
0.259660 0.964642 -0.045206 14.094700 -0.961908 0.254212 -0.100545 -3.178700 -0.085498 0.069591 0.993905 0.059300 0.000000 0.000000 0.000000 1.000000
0.256725 0.966398 -0.012915 14.094700 -0.965649 0.255925 -0.045000 -3.178700 -0.040183 0.024024 0.998903 0.059300 0.000000 0.000000 0.000000 1.000000
0.268228 0.963151 0.019863 14.094700 -0.963164 0.267707 0.025457 -3.178700 0.019201 -0.025960 0.999479 0.059300 0.000000 0.000000 0.000000 1.000000
0.291097 0.954413 0.066025 14.094700 -0.954015 0.284429 0.094636 -3.178700 0.071542 -0.090537 0.993320 0.059300 0.000000 0.000000 0.000000 1.000000
0.321953 0.939045 0.120583 14.094700 -0.942371 0.305609 0.136160 -3.178700 0.091009 -0.157471 0.983321 0.059300 0.000000 0.000000 0.000000 1.000000
