<?xml version="1.0" encoding="utf-8"?>
<COLLADA xmlns="http://www.collada.org/2005/11/COLLADASchema" version="1.4.1">
  <asset><contributor><author>Mixamo</author><authoring_tool>COLLADA Mixamo exporter</authoring_tool><comments></comments></contributor><created>2018-10-13T13:36:58Z</created><modified>2018-10-13T13:36:58Z</modified><revision></revision><title></title><unit meter="0.010000"/><up_axis>Y_UP</up_axis></asset>
  <library_animations>
    <animation id="mixamorig_Hips-anim" name="mixamorig_Hips"><source id="mixamorig_Hips-Matrix-animation-input"><float_array id="mixamorig_Hips-Matrix-animation-input-array" count="281">

0.000000 0.033333 0.066667 0.100000 0.133333 0.166667 0.200000 0.233333 0.266667 0.300000 0.333333 0.366667 0.400000 0.433333 0.466667 0.500000
0.533333 0.566667 0.600000 0.633333 0.666667 0.700000 0.733333 0.766667 0.800000 0.833333 0.866667 0.900000 0.933333 0.966667 1.000000 1.033333
1.066667 1.100000 1.133333 1.166667 1.200000 1.233333 1.266667 1.300000 1.333333 1.366667 1.400000 1.433333 1.466667 1.500000 1.533333 1.566667
1.600000 1.633333 1.666667 1.700000 1.733333 1.766667 1.800000 1.833333 1.866667 1.900000 1.933333 1.966667 2.000000 2.033333 2.066667 2.100000
2.133333 2.166667 2.200000 2.233333 2.266667 2.300000 2.333333 2.366667 2.400000 2.433333 2.466667 2.500000 2.533333 2.566667 2.600000 2.633333
2.666667 2.700000 2.733333 2.766667 2.800000 2.833333 2.866667 2.900000 2.933333 2.966667 3.000000 3.033333 3.066667 3.100000 3.133333 3.166667
3.200000 3.233333 3.266667 3.300000 3.333333 3.366667 3.400000 3.433333 3.466667 3.500000 3.533333 3.566667 3.600000 3.633333 3.666667 3.700000
3.733333 3.766667 3.800000 3.833333 3.866667 3.900000 3.933333 3.966667 4.000000 4.033333 4.066667 4.100000 4.133333 4.166667 4.200000 4.233333
4.266667 4.300000 4.333333 4.366667 4.400000 4.433333 4.466667 4.500000 4.533333 4.566667 4.600000 4.633333 4.666667 4.700000 4.733333 4.766667
4.800000 4.833333 4.866667 4.900000 4.933333 4.966667 5.000000 5.033333 5.066667 5.100000 5.133333 5.166667 5.200000 5.233333 5.266667 5.300000
5.333333 5.366667 5.400000 5.433333 5.466667 5.500000 5.533333 5.566667 5.600000 5.633333 5.666667 5.700000 5.733333 5.766667 5.800000 5.833333
5.866667 5.900000 5.933333 5.966667 6.000000 6.033333 6.066667 6.100000 6.133333 6.166667 6.200000 6.233333 6.266667 6.300000 6.333333 6.366667
6.400000 6.433333 6.466667 6.500000 6.533333 6.566667 6.600000 6.633333 6.666667 6.700000 6.733333 6.766667 6.800000 6.833333 6.866667 6.900000
6.933333 6.966667 7.000000 7.033333 7.066667 7.100000 7.133333 7.166667 7.200000 7.233333 7.266667 7.300000 7.333333 7.366667 7.400000 7.433333
7.466667 7.500000 7.533333 7.566667 7.600000 7.633333 7.666667 7.700000 7.733333 7.766667 7.800000 7.833333 7.866667 7.900000 7.933333 7.966667
8.000000 8.033333 8.066667 8.100000 8.133333 8.166667 8.200000 8.233333 8.266667 8.300000 8.333333 8.366667 8.400000 8.433333 8.466667 8.500000
8.533333 8.566667 8.600000 8.633333 8.666667 8.700000 8.733333 8.766667 8.800000 8.833333 8.866667 8.900000 8.933333 8.966667 9.000000 9.033333
9.066667 9.100000 9.133333 9.166667 9.200000 9.233333 9.266667 9.300000 9.333333</float_array><technique_common><accessor source="#mixamorig_Hips-Matrix-animation-input-array" count="281"><param name="TIME" type="float"/></accessor></technique_common></source><source id="mixamorig_Hips-Matrix-animation-output-transform"><float_array id="mixamorig_Hips-Matrix-animation-output-transform-array" count="4496">

0.992580 0.015232 -0.120632 0.259561 -0.026480 0.995389 -0.092195 97.582649 0.118671 0.094706 0.988407 1.356973 0.000000 0.000000 0.000000 1.000000
0.992172 0.016317 -0.123806 0.255243 -0.027655 0.995520 -0.090421 97.583199 0.121776 0.093137 0.988178 1.108377 0.000000 0.000000 0.000000 1.000000
0.991727 0.017661 -0.127147 0.239621 -0.028756 0.995883 -0.085961 97.581001 0.125105 0.088906 0.988152 0.833344 0.000000 0.000000 0.000000 1.000000
0.991266 0.019215 -0.130473 0.213691 -0.029787 0.996385 -0.079563 97.575325 0.128472 0.082754 0.988254 0.536896 0.000000 0.000000 0.000000 1.000000
0.990825 0.020923 -0.133521 0.178494 -0.030747 0.996934 -0.071948 97.565430 0.131606 0.075393 0.988431 0.224013 0.000000 0.000000 0.000000 1.000000
0.990502 0.022737 -0.135607 0.135573 -0.031641 0.997456 -0.063872 97.550781 0.133810 0.067556 0.988702 -0.100246 0.000000 0.000000 0.000000 1.000000
0.990467 0.024608 -0.135531 0.087060 -0.032470 0.997896 -0.056110 97.530838 0.133865 0.059976 0.989183 -0.430755 0.000000 0.000000 0.000000 1.000000
0.991001 0.026492 -0.131206 0.036085 -0.033235 0.998222 -0.049474 97.505241 0.129662 0.053389 0.990120 -0.762342 0.000000 0.000000 0.000000 1.000000
0.991754 0.028119 -0.125035 -0.020442 -0.033939 0.998425 -0.044664 97.473679 0.123583 0.048539 0.991146 -1.090015 0.000000 0.000000 0.000000 1.000000
0.992510 0.029241 -0.118610 -0.084244 -0.034624 0.998450 -0.043581 97.432220 0.117151 0.047362 0.991984 -1.402019 0.000000 0.000000 0.000000 1.000000
0.993202 0.030131 -0.112440 -0.153773 -0.035256 0.998415 -0.043868 97.387024 0.110940 0.047534 0.992690 -1.709828 0.000000 0.000000 0.000000 1.000000
0.993752 0.030801 -0.107281 -0.228921 -0.035821 0.998336 -0.045188 97.340012 0.105711 0.048749 0.993201 -2.013873 0.000000 0.000000 0.000000 1.000000
0.994107 0.031278 -0.103796 -0.309190 -0.036341 0.998222 -0.047246 97.291557 0.102133 0.050740 0.993476 -2.314344 0.000000 0.000000 0.000000 1.000000
0.994282 0.031544 -0.102022 -0.393549 -0.036833 0.998051 -0.050378 97.241035 0.100234 0.053848 0.993506 -2.608165 0.000000 0.000000 0.000000 1.000000
0.994394 0.031789 -0.100842 -0.478485 -0.037325 0.997870 -0.053494 97.189621 0.098926 0.056958 0.993463 -2.899963 0.000000 0.000000 0.000000 1.000000
0.994504 0.032004 -0.099691 -0.562436 -0.037818 0.997658 -0.056994 97.137421 0.097634 0.060451 0.993385 -3.186399 0.000000 0.000000 0.000000 1.000000
0.994612 0.032064 -0.098581 -0.645169 -0.038297 0.997342 -0.061992 97.084206 0.096332 0.065434 0.993196 -3.460554 0.000000 0.000000 0.000000 1.000000
0.994714 0.032154 -0.097521 -0.724720 -0.038770 0.997018 -0.066722 97.033371 0.095085 0.070150 0.992994 -3.730575 0.000000 0.000000 0.000000 1.000000
0.994809 0.032223 -0.096520 -0.799229 -0.039232 0.996660 -0.071620 96.984871 0.093890 0.075035 0.992751 -3.993001 0.000000 0.000000 0.000000 1.000000
0.994898 0.032262 -0.095592 -0.867348 -0.039694 0.996249 -0.076890 96.938293 0.092753 0.080292 0.992446 -4.245476 0.000000 0.000000 0.000000 1.000000
0.994978 0.032262 -0.094751 -0.929614 -0.040176 0.995752 -0.082843 96.901489 0.091676 0.086234 0.992048 -4.485328 0.000000 0.000000 0.000000 1.000000
0.995047 0.032287 -0.094015 -0.986451 -0.040719 0.995181 -0.089204 96.903275 0.090682 0.092590 0.991566 -4.713386 0.000000 0.000000 0.000000 1.000000
0.995103 0.032378 -0.093391 -1.037671 -0.041295 0.994602 -0.095194 96.923683 0.089804 0.098584 0.991068 -4.932099 0.000000 0.000000 0.000000 1.000000
0.995147 0.032481 -0.092886 -1.083825 -0.041896 0.993975 -0.101286 96.956650 0.089037 0.104686 0.990512 -5.137817 0.000000 0.000000 0.000000 1.000000
0.995176 0.032629 -0.092516 -1.124986 -0.042533 0.993329 -0.107183 97.001518 0.088401 0.110601 0.989926 -5.330851 0.000000 0.000000 0.000000 1.000000
0.995190 0.032856 -0.092292 -1.161225 -0.043215 0.992702 -0.112584 97.057877 0.087919 0.116031 0.989347 -5.511367 0.000000 0.000000 0.000000 1.000000
0.995140 0.033005 -0.092769 -1.194327 -0.043878 0.992077 -0.117718 97.124176 0.088149 0.121217 0.988704 -5.676918 0.000000 0.000000 0.000000 1.000000
0.995083 0.033129 -0.093341 -1.223566 -0.044455 0.991533 -0.122010 97.200745 0.088509 0.125560 0.988130 -5.829293 0.000000 0.000000 0.000000 1.000000
0.994957 0.033565 -0.094515 -1.235690 -0.045278 0.991167 -0.124652 97.287231 0.089496 0.128303 0.987689 -5.970922 0.000000 0.000000 0.000000 1.000000
0.994709 0.034194 -0.096873 -1.232551 -0.046394 0.990865 -0.126630 97.380341 0.091658 0.130454 0.987208 -6.095161 0.000000 0.000000 0.000000 1.000000
0.994366 0.035002 -0.100060 -1.226021 -0.047667 0.990740 -0.127128 97.480690 0.094684 0.131182 0.986826 -6.205053 0.000000 0.000000 0.000000 1.000000
0.993957 0.035906 -0.103736 -1.216320 -0.049044 0.990687 -0.127018 97.585991 0.098209 0.131338 0.986461 -6.295016 0.000000 0.000000 0.000000 1.000000
0.993535 0.036709 -0.107427 -1.203555 -0.050281 0.990693 -0.126488 97.695496 0.101784 0.131072 0.986134 -6.363096 0.000000 0.000000 0.000000 1.000000
0.993118 0.037555 -0.110932 -1.189749 -0.051416 0.990840 -0.124867 97.809418 0.105227 0.129711 0.985953 -6.411426 0.000000 0.000000 0.000000 1.000000
0.992635 0.038483 -0.114868 -1.177890 -0.052560 0.991118 -0.122158 97.926598 0.109147 0.127296 0.985841 -6.436098 0.000000 0.000000 0.000000 1.000000
0.992125 0.039274 -0.118936 -1.168234 -0.053513 0.991451 -0.118998 98.045639 0.113246 0.124425 0.985745 -6.395407 0.000000 0.000000 0.000000 1.000000
0.991632 0.040136 -0.122700 -1.158116 -0.054448 0.991801 -0.115616 98.162682 0.117054 0.121329 0.985686 -6.253114 0.000000 0.000000 0.000000 1.000000
0.991094 0.041201 -0.126627 -1.147010 -0.055585 0.992125 -0.112243 98.278191 0.121005 0.118281 0.985580 -6.024876 0.000000 0.000000 0.000000 1.000000
0.990509 0.042698 -0.130645 -1.132940 -0.057114 0.992436 -0.108670 98.392197 0.125017 0.115100 0.985456 -5.728774 0.000000 0.000000 0.000000 1.000000
0.989935 0.044101 -0.134474 -1.117730 -0.058478 0.992760 -0.104914 98.504395 0.128874 0.111722 0.985348 -5.383764 0.000000 0.000000 0.000000 1.000000
0.989354 0.045181 -0.138341 -1.102295 -0.059434 0.993141 -0.100693 98.615173 0.132843 0.107843 0.985253 -5.009166 0.000000 0.000000 0.000000 1.000000
0.988767 0.045997 -0.142214 -1.085551 -0.060062 0.993544 -0.096244 98.723373 0.136869 0.103705 0.985146 -4.621439 0.000000 0.000000 0.000000 1.000000
0.988141 0.046588 -0.146311 -1.066851 -0.060446 0.993946 -0.091745 98.828346 0.141151 0.099501 0.984975 -4.236752 0.000000 0.000000 0.000000 1.000000
0.987516 0.046913 -0.150368 -1.045513 -0.060486 0.994371 -0.086998 98.929787 0.145440 0.095007 0.984795 -3.872415 0.000000 0.000000 0.000000 1.000000
0.987143 0.046807 -0.152835 -1.020061 -0.059890 0.994819 -0.082153 99.026848 0.148197 0.090250 0.984831 -3.520251 0.000000 0.000000 0.000000 1.000000
0.986940 0.046165 -0.154329 -0.992430 -0.058625 0.995292 -0.077186 99.124405 0.150039 0.085226 0.985000 -3.022020 0.000000 0.000000 0.000000 1.000000
0.986876 0.045632 -0.154900 -0.959935 -0.057355 0.995749 -0.072070 99.230476 0.150953 0.080009 0.985298 -2.563915 0.000000 0.000000 0.000000 1.000000
0.987065 0.044966 -0.153889 -0.921243 -0.055794 0.996207 -0.066780 99.338684 0.150302 0.074502 0.985829 -2.069119 0.000000 0.000000 0.000000 1.000000
0.987566 0.044326 -0.150826 -0.873350 -0.054094 0.996653 -0.061289 99.444473 0.147605 0.068686 0.986659 -1.581694 0.000000 0.000000 0.000000 1.000000
0.988242 0.043276 -0.146643 -0.817954 -0.051889 0.997114 -0.055422 99.542496 0.143821 0.062380 0.987636 -1.135490 0.000000 0.000000 0.000000 1.000000
0.988895 0.041929 -0.142581 -0.753753 -0.049534 0.997509 -0.050211 99.623688 0.140120 0.056716 0.988509 -0.732478 0.000000 0.000000 0.000000 1.000000
0.989467 0.040713 -0.138914 -0.594727 -0.047419 0.997847 -0.045308 99.678314 0.136771 0.051418 0.989267 -0.372500 0.000000 0.000000 0.000000 1.000000
0.990080 0.039762 -0.134758 -0.403068 -0.045574 0.998147 -0.040321 99.692978 0.132905 0.046062 0.990058 -0.012750 0.000000 0.000000 0.000000 1.000000
0.990715 0.039254 -0.130166 -0.181552 -0.044269 0.998376 -0.035863 99.668205 0.128547 0.041292 0.990843 0.339105 0.000000 0.000000 0.000000 1.000000
0.991304 0.039064 -0.125657 0.062144 -0.043407 0.998544 -0.032014 99.623459 0.124223 0.037190 0.991557 0.610018 0.000000 0.000000 0.000000 1.000000
0.991849 0.038934 -0.121328 0.322490 -0.042728 0.998671 -0.028822 99.563858 0.120045 0.033771 0.992194 0.870167 0.000000 0.000000 0.000000 1.000000
0.992302 0.038741 -0.117625 0.594612 -0.042166 0.998752 -0.026769 99.491600 0.116441 0.031523 0.992697 1.122614 0.000000 0.000000 0.000000 1.000000
0.992709 0.038463 -0.114235 0.875352 -0.041650 0.998803 -0.025642 99.400711 0.113112 0.030213 0.993123 1.357997 0.000000 0.000000 0.000000 1.000000
0.993108 0.038103 -0.110837 1.161522 -0.041112 0.998842 -0.024987 99.286194 0.109757 0.029372 0.993524 1.565943 0.000000 0.000000 0.000000 1.000000
0.993474 0.037673 -0.107662 1.449223 -0.040553 0.998872 -0.024690 99.157715 0.106610 0.028895 0.993881 1.739969 0.000000 0.000000 0.000000 1.000000
0.993805 0.037272 -0.104700 1.735349 -0.040043 0.998898 -0.024494 99.025345 0.103672 0.028535 0.994202 1.886978 0.000000 0.000000 0.000000 1.000000
0.994135 0.036925 -0.101646 2.016770 -0.039591 0.998920 -0.024332 98.898537 0.100638 0.028214 0.994523 2.011607 0.000000 0.000000 0.000000 1.000000
0.994463 0.036834 -0.098420 2.291069 -0.039421 0.998923 -0.024468 98.786545 0.097413 0.028212 0.994844 2.118874 0.000000 0.000000 0.000000 1.000000
0.994781 0.037091 -0.095050 2.555280 -0.039652 0.998896 -0.025197 98.684296 0.094011 0.028834 0.995154 2.213970 0.000000 0.000000 0.000000 1.000000
0.995073 0.037562 -0.091758 2.805081 -0.040134 0.998847 -0.026350 98.579788 0.090663 0.029903 0.995433 2.299603 0.000000 0.000000 0.000000 1.000000
0.995365 0.038134 -0.088282 3.036641 -0.040707 0.998792 -0.027531 98.473846 0.087126 0.030997 0.995715 2.377143 0.000000 0.000000 0.000000 1.000000
0.995632 0.038978 -0.084833 3.247152 -0.041581 0.998710 -0.029137 98.366531 0.083588 0.032537 0.995969 2.452324 0.000000 0.000000 0.000000 1.000000
0.995844 0.040040 -0.081808 3.432373 -0.042714 0.998600 -0.031204 98.258118 0.080444 0.034569 0.996160 2.478534 0.000000 0.000000 0.000000 1.000000
0.995998 0.041281 -0.079275 3.588556 -0.044059 0.998463 -0.033622 98.149086 0.077765 0.036980 0.996286 2.444747 0.000000 0.000000 0.000000 1.000000
0.996134 0.042610 -0.076823 3.712177 -0.045535 0.998287 -0.036732 98.039467 0.075126 0.040088 0.996368 2.321640 0.000000 0.000000 0.000000 1.000000
0.996284 0.043818 -0.074150 3.803849 -0.046916 0.998075 -0.040571 97.929794 0.072229 0.043899 0.996422 2.131611 0.000000 0.000000 0.000000 1.000000
0.996448 0.044734 -0.071342 3.890142 -0.048013 0.997835 -0.044936 97.820702 0.069177 0.048202 0.996439 1.914197 0.000000 0.000000 0.000000 1.000000
0.996640 0.045177 -0.068317 3.973996 -0.048656 0.997556 -0.050147 97.712273 0.065884 0.053302 0.996403 1.675454 0.000000 0.000000 0.000000 1.000000
0.996875 0.045218 -0.064778 4.054981 -0.048827 0.997277 -0.055268 97.606384 0.062102 0.058258 0.996368 1.414901 0.000000 0.000000 0.000000 1.000000
0.997098 0.044971 -0.061420 4.131813 -0.048718 0.996951 -0.060945 97.502670 0.058492 0.063761 0.996250 1.140582 0.000000 0.000000 0.000000 1.000000
0.997352 0.044497 -0.057516 4.204479 -0.048328 0.996579 -0.067039 97.401749 0.054337 0.069641 0.996091 0.856036 0.000000 0.000000 0.000000 1.000000
0.997558 0.043902 -0.054324 4.271021 -0.047798 0.996213 -0.072628 97.305435 0.050930 0.075047 0.995879 0.561313 0.000000 0.000000 0.000000 1.000000
0.997700 0.043139 -0.052287 4.329592 -0.047146 0.995840 -0.077980 97.214149 0.048706 0.080266 0.995583 0.262325 0.000000 0.000000 0.000000 1.000000
0.997820 0.042150 -0.050775 4.379438 -0.046273 0.995477 -0.082969 97.128571 0.047048 0.085138 0.995258 -0.037313 0.000000 0.000000 0.000000 1.000000
0.997919 0.041152 -0.049635 4.420782 -0.045382 0.995143 -0.087356 97.049683 0.045799 0.089427 0.994940 -0.334431 0.000000 0.000000 0.000000 1.000000
0.997996 0.039829 -0.049173 4.450486 -0.044211 0.994823 -0.091507 96.977417 0.045274 0.093498 0.994590 -0.622667 0.000000 0.000000 0.000000 1.000000
0.998038 0.038477 -0.049388 4.468973 -0.043035 0.994563 -0.094825 96.913269 0.045471 0.096765 0.994268 -0.900661 0.000000 0.000000 0.000000 1.000000
0.998124 0.034443 -0.050623 4.460752 -0.039254 0.994477 -0.097339 96.857422 0.046991 0.099144 0.993963 -1.163010 0.000000 0.000000 0.000000 1.000000
0.998310 0.025840 -0.052057 4.415625 -0.030944 0.994530 -0.099759 96.809265 0.049195 0.101201 0.993649 -1.404860 0.000000 0.000000 0.000000 1.000000
0.998427 0.016167 -0.053684 4.350986 -0.021593 0.994542 -0.102082 96.769066 0.051740 0.103080 0.993326 -1.619983 0.000000 0.000000 0.000000 1.000000
0.998398 0.010956 -0.055519 4.294887 -0.016713 0.994405 -0.104306 96.737854 0.054066 0.105067 0.992994 -1.803567 0.000000 0.000000 0.000000 1.000000
0.998314 0.007802 -0.057511 4.233567 -0.013901 0.994223 -0.106431 96.716217 0.056349 0.107051 0.992655 -1.950710 0.000000 0.000000 0.000000 1.000000
0.998200 0.006426 -0.059634 4.154411 -0.012878 0.994018 -0.108456 96.751938 0.058580 0.109029 0.992311 -2.057097 0.000000 0.000000 0.000000 1.000000
0.998070 0.005642 -0.061836 3.996962 -0.012456 0.993811 -0.110379 96.816399 0.060830 0.110937 0.991964 -2.100450 0.000000 0.000000 0.000000 1.000000
0.997930 0.005411 -0.064077 3.765542 -0.012592 0.993606 -0.112199 96.902229 0.063060 0.112773 0.991618 -2.009632 0.000000 0.000000 0.000000 1.000000
0.997783 0.005396 -0.066327 3.473344 -0.012945 0.993406 -0.113913 97.019112 0.065274 0.114519 0.991274 -1.829334 0.000000 0.000000 0.000000 1.000000
0.997615 0.005764 -0.068778 3.135977 -0.013703 0.993210 -0.115522 97.172188 0.067645 0.116188 0.990921 -1.611718 0.000000 0.000000 0.000000 1.000000
0.997466 0.006585 -0.070840 2.769614 -0.014866 0.993018 -0.117022 97.333344 0.069575 0.117778 0.990600 -1.377285 0.000000 0.000000 0.000000 1.000000
0.997330 0.007493 -0.072643 2.388031 -0.016084 0.992834 -0.118413 97.495682 0.071236 0.119265 0.990304 -1.125132 0.000000 0.000000 0.000000 1.000000
0.997214 0.008468 -0.074118 2.007003 -0.017325 0.992660 -0.119694 97.657913 0.072560 0.120644 0.990040 -0.856033 0.000000 0.000000 0.000000 1.000000
0.997118 0.009817 -0.075234 1.643353 -0.018891 0.992489 -0.120863 97.809868 0.073483 0.121936 0.989814 -0.574123 0.000000 0.000000 0.000000 1.000000
0.997042 0.011611 -0.075982 1.312654 -0.020847 0.992321 -0.121918 97.943855 0.073983 0.123141 0.989628 -0.280280 0.000000 0.000000 0.000000 1.000000
0.996979 0.013590 -0.076477 1.028303 -0.022918 0.992210 -0.122453 98.078247 0.074217 0.123835 0.989523 0.023746 0.000000 0.000000 0.000000 1.000000
0.996930 0.015877 -0.076670 0.806147 -0.025211 0.992166 -0.122354 98.208755 0.074126 0.123911 0.989521 0.336922 0.000000 0.000000 0.000000 1.000000
0.996890 0.017972 -0.076730 0.648391 -0.027289 0.992135 -0.122160 98.333595 0.073932 0.123874 0.989540 0.659090 0.000000 0.000000 0.000000 1.000000
0.996878 0.019776 -0.076434 0.505399 -0.029005 0.992158 -0.121581 98.444839 0.073430 0.123419 0.989634 0.987695 0.000000 0.000000 0.000000 1.000000
0.996918 0.021128 -0.075553 0.368328 -0.030144 0.992284 -0.120264 98.548828 0.072429 0.122171 0.989863 1.317280 0.000000 0.000000 0.000000 1.000000
0.996974 0.022241 -0.074488 0.239028 -0.031002 0.992457 -0.118612 98.638504 0.071288 0.120562 0.990143 1.650585 0.000000 0.000000 0.000000 1.000000
0.997041 0.023184 -0.073289 0.118561 -0.031663 0.992658 -0.116740 98.730911 0.070045 0.118716 0.990455 1.986181 0.000000 0.000000 0.000000 1.000000
0.997121 0.023928 -0.071957 0.007943 -0.032101 0.992886 -0.114659 98.809265 0.068702 0.116639 0.990795 2.323897 0.000000 0.000000 0.000000 1.000000
0.997212 0.024461 -0.070499 -0.092412 -0.032306 0.993140 -0.112379 98.899399 0.067267 0.114343 0.991161 2.661219 0.000000 0.000000 0.000000 1.000000
0.997316 0.024728 -0.068910 -0.182199 -0.032226 0.993419 -0.109909 98.981583 0.065739 0.111835 0.991550 2.994956 0.000000 0.000000 0.000000 1.000000
0.997434 0.024724 -0.067189 -0.261044 -0.031857 0.993719 -0.107269 99.083473 0.064115 0.109134 0.991957 3.322775 0.000000 0.000000 0.000000 1.000000
0.997563 0.024501 -0.065321 -0.326140 -0.031258 0.994033 -0.104505 99.185303 0.062370 0.106293 0.992377 3.645713 0.000000 0.000000 0.000000 1.000000
0.997699 0.024137 -0.063354 -0.374421 -0.030512 0.994350 -0.101673 99.269691 0.060542 0.103372 0.992799 3.961444 0.000000 0.000000 0.000000 1.000000
0.997834 0.023711 -0.061353 -0.402990 -0.029712 0.994661 -0.098824 99.350906 0.058682 0.100433 0.993212 4.269823 0.000000 0.000000 0.000000 1.000000
0.997965 0.023307 -0.059356 -0.408403 -0.028948 0.994959 -0.096015 99.422745 0.056819 0.097538 0.993609 4.571582 0.000000 0.000000 0.000000 1.000000
0.998088 0.023104 -0.057337 -0.386239 -0.028398 0.995233 -0.093301 99.468346 0.054908 0.094751 0.993986 4.865813 0.000000 0.000000 0.000000 1.000000
0.998198 0.023260 -0.055309 -0.332121 -0.028225 0.995475 -0.090738 99.465782 0.052948 0.092135 0.994338 5.151917 0.000000 0.000000 0.000000 1.000000
0.998303 0.023667 -0.053199 -0.246918 -0.028315 0.995684 -0.088378 99.448616 0.050878 0.089735 0.994665 5.426368 0.000000 0.000000 0.000000 1.000000
0.998402 0.024071 -0.051131 -0.132735 -0.028426 0.995870 -0.086223 99.418121 0.048845 0.087538 0.994963 5.677987 0.000000 0.000000 0.000000 1.000000
0.998489 0.024524 -0.049167 0.012405 -0.028614 0.996031 -0.084278 99.356949 0.046905 0.085557 0.995229 5.907691 0.000000 0.000000 0.000000 1.000000
0.998561 0.025036 -0.047432 0.193994 -0.028900 0.996163 -0.082603 99.246666 0.045182 0.083854 0.995453 5.994468 0.000000 0.000000 0.000000 1.000000
0.998614 0.025497 -0.046034 0.433027 -0.029183 0.996266 -0.081259 99.063828 0.043790 0.082490 0.995629 6.016195 0.000000 0.000000 0.000000 1.000000
0.998654 0.025903 -0.044940 0.727196 -0.029456 0.996335 -0.080310 98.817238 0.042695 0.081526 0.995756 5.958367 0.000000 0.000000 0.000000 1.000000
0.998679 0.026291 -0.044146 1.069789 -0.029758 0.996365 -0.079817 98.546616 0.041887 0.081026 0.995831 5.832364 0.000000 0.000000 0.000000 1.000000
0.998686 0.026729 -0.043722 1.454363 -0.030162 0.996352 -0.079833 98.288193 0.041428 0.081047 0.995849 5.666846 0.000000 0.000000 0.000000 1.000000
0.998676 0.027262 -0.043631 1.875080 -0.030710 0.996288 -0.080416 98.051430 0.041277 0.081649 0.995806 5.472803 0.000000 0.000000 0.000000 1.000000
0.998650 0.027894 -0.043825 2.326086 -0.031403 0.996177 -0.081516 97.835663 0.041384 0.082782 0.995708 5.275213 0.000000 0.000000 0.000000 1.000000
0.998614 0.028616 -0.044170 2.801598 -0.032216 0.996023 -0.083067 97.639999 0.041617 0.084375 0.995565 5.056623 0.000000 0.000000 0.000000 1.000000
0.998573 0.029390 -0.044588 3.295643 -0.033105 0.995831 -0.085001 97.463638 0.041904 0.086356 0.995383 4.864013 0.000000 0.000000 0.000000 1.000000
0.998528 0.030196 -0.045054 3.802258 -0.034045 0.995604 -0.087252 97.305672 0.042221 0.088658 0.995167 4.660237 0.000000 0.000000 0.000000 1.000000
0.998479 0.031037 -0.045569 4.315619 -0.035036 0.995348 -0.089751 97.165489 0.042572 0.091211 0.994921 4.438392 0.000000 0.000000 0.000000 1.000000
0.998433 0.031795 -0.046043 4.829336 -0.035951 0.995067 -0.092466 97.042252 0.042876 0.093976 0.994651 4.172778 0.000000 0.000000 0.000000 1.000000
0.998398 0.032431 -0.046366 5.337536 -0.036742 0.994764 -0.095365 96.935272 0.043030 0.096916 0.994362 3.914836 0.000000 0.000000 0.000000 1.000000
0.998377 0.032888 -0.046495 5.834116 -0.037340 0.994448 -0.098383 96.843880 0.043001 0.099959 0.994062 3.651557 0.000000 0.000000 0.000000 1.000000
0.998368 0.033256 -0.046435 6.313756 -0.037833 0.994121 -0.101455 96.767311 0.042788 0.103046 0.993756 3.373812 0.000000 0.000000 0.000000 1.000000
0.998367 0.033618 -0.046193 6.771119 -0.038299 0.993785 -0.104517 96.704414 0.042393 0.106115 0.993450 3.114070 0.000000 0.000000 0.000000 1.000000
0.998374 0.033907 -0.045822 7.199949 -0.038675 0.993451 -0.107511 96.654434 0.041877 0.109108 0.993147 2.862473 0.000000 0.000000 0.000000 1.000000
0.998381 0.034129 -0.045494 7.594242 -0.038980 0.993121 -0.110414 96.616585 0.041412 0.112009 0.992844 2.564077 0.000000 0.000000 0.000000 1.000000
0.998383 0.034393 -0.045271 7.948726 -0.039332 0.992798 -0.113162 96.589989 0.041053 0.114760 0.992545 2.276311 0.000000 0.000000 0.000000 1.000000
0.998383 0.034614 -0.045093 8.257185 -0.039635 0.992495 -0.115685 96.573547 0.040750 0.117286 0.992262 2.037566 0.000000 0.000000 0.000000 1.000000
0.998378 0.034800 -0.045052 8.513679 -0.039907 0.992222 -0.117913 96.566689 0.040599 0.119519 0.992001 1.807868 0.000000 0.000000 0.000000 1.000000
0.998368 0.035014 -0.045106 8.712732 -0.040201 0.991988 -0.119766 96.583542 0.040551 0.121384 0.991777 1.579553 0.000000 0.000000 0.000000 1.000000
0.998346 0.035303 -0.045370 8.848662 -0.040578 0.991802 -0.121170 96.639145 0.040720 0.122811 0.991594 1.384483 0.000000 0.000000 0.000000 1.000000
0.998310 0.035642 -0.045903 8.923019 -0.041017 0.991676 -0.122049 96.729324 0.041171 0.123726 0.991462 1.229944 0.000000 0.000000 0.000000 1.000000
0.998250 0.036070 -0.046857 8.978246 -0.041574 0.991611 -0.122388 96.850449 0.042049 0.124122 0.991376 1.123361 0.000000 0.000000 0.000000 1.000000
0.998161 0.036636 -0.048305 9.022439 -0.042309 0.991605 -0.122183 96.995789 0.043423 0.124002 0.991331 1.081302 0.000000 0.000000 0.000000 1.000000
0.998026 0.037380 -0.050458 9.056121 -0.043282 0.991652 -0.121461 97.163681 0.045497 0.123405 0.991313 1.072997 0.000000 0.000000 0.000000 1.000000
0.997828 0.038306 -0.053589 9.079596 -0.044527 0.991752 -0.120192 97.349358 0.048543 0.122317 0.991303 1.075581 0.000000 0.000000 0.000000 1.000000
0.997593 0.039294 -0.057139 9.093369 -0.045860 0.991887 -0.118563 97.547997 0.052017 0.120898 0.991301 1.115099 0.000000 0.000000 0.000000 1.000000
0.997322 0.040324 -0.061019 9.097963 -0.047249 0.992047 -0.116665 97.755379 0.055829 0.119236 0.991295 1.157717 0.000000 0.000000 0.000000 1.000000
0.997018 0.041367 -0.065139 9.093829 -0.048651 0.992228 -0.114531 97.967033 0.059895 0.117359 0.991282 1.224653 0.000000 0.000000 0.000000 1.000000
0.996692 0.042381 -0.069350 9.081423 -0.050002 0.992434 -0.112140 98.178345 0.064072 0.115236 0.991270 1.345287 0.000000 0.000000 0.000000 1.000000
0.996342 0.043353 -0.073642 9.061194 -0.051290 0.992658 -0.109544 98.384682 0.068352 0.112920 0.991250 1.506793 0.000000 0.000000 0.000000 1.000000
0.995985 0.044189 -0.077852 9.033319 -0.052406 0.992890 -0.106881 98.581367 0.072575 0.110532 0.991219 1.673351 0.000000 0.000000 0.000000 1.000000
0.995640 0.044867 -0.081781 8.998446 -0.053309 0.993132 -0.104146 98.766708 0.076547 0.108051 0.991194 1.850963 0.000000 0.000000 0.000000 1.000000
0.995317 0.045380 -0.085345 8.957128 -0.053980 0.993389 -0.101317 98.942291 0.080183 0.105449 0.991187 2.073805 0.000000 0.000000 0.000000 1.000000
0.995023 0.045726 -0.088540 8.909960 -0.054427 0.993648 -0.098491 99.107208 0.083474 0.102819 0.991191 2.258384 0.000000 0.000000 0.000000 1.000000
0.994758 0.045908 -0.091376 8.857465 -0.054662 0.993905 -0.095731 99.259995 0.086424 0.100224 0.991204 2.402475 0.000000 0.000000 0.000000 1.000000
0.994574 0.045606 -0.093503 8.798830 -0.054248 0.994274 -0.092069 99.400925 0.088769 0.096642 0.991353 2.525994 0.000000 0.000000 0.000000 1.000000
0.994434 0.045294 -0.095130 8.736977 -0.053736 0.994658 -0.088139 99.527573 0.090629 0.092761 0.991555 2.633020 0.000000 0.000000 0.000000 1.000000
0.994299 0.044994 -0.096668 8.672077 -0.053138 0.995099 -0.083392 99.639351 0.092442 0.088053 0.991817 2.721283 0.000000 0.000000 0.000000 1.000000
0.994273 0.044886 -0.096983 8.606930 -0.052588 0.995536 -0.078375 99.734184 0.093032 0.083026 0.992195 2.793830 0.000000 0.000000 0.000000 1.000000
0.994317 0.045064 -0.096455 8.542157 -0.052185 0.995994 -0.072620 99.811249 0.092796 0.077241 0.992685 2.848824 0.000000 0.000000 0.000000 1.000000
0.994405 0.045373 -0.095389 8.477136 -0.051809 0.996466 -0.066113 99.869263 0.092052 0.070685 0.993242 2.884001 0.000000 0.000000 0.000000 1.000000
0.994514 0.045761 -0.094066 8.411826 -0.051483 0.996910 -0.059328 99.906281 0.091060 0.063846 0.993797 2.888215 0.000000 0.000000 0.000000 1.000000
0.994630 0.046237 -0.092589 8.346755 -0.051240 0.997310 -0.052407 99.920784 0.089916 0.056870 0.994324 2.865674 0.000000 0.000000 0.000000 1.000000
0.994770 0.046760 -0.090812 8.282369 -0.051077 0.997643 -0.045811 99.910873 0.088456 0.050210 0.994814 2.825227 0.000000 0.000000 0.000000 1.000000
0.994923 0.047244 -0.088866 8.218643 -0.050944 0.997907 -0.039840 99.875092 0.086798 0.044165 0.995247 2.744185 0.000000 0.000000 0.000000 1.000000
0.995060 0.047559 -0.087144 8.154962 -0.050753 0.998105 -0.034807 99.811981 0.085323 0.039057 0.995587 2.613960 0.000000 0.000000 0.000000 1.000000
0.995160 0.047569 -0.085982 8.090780 -0.050390 0.998250 -0.030938 99.701355 0.084360 0.035121 0.995816 2.488106 0.000000 0.000000 0.000000 1.000000
0.995230 0.047291 -0.085329 8.026819 -0.049891 0.998345 -0.028598 99.531197 0.083835 0.032718 0.995942 2.320465 0.000000 0.000000 0.000000 1.000000
0.995286 0.046702 -0.084993 7.963718 -0.049225 0.998400 -0.027830 99.312828 0.083558 0.031882 0.995993 2.132115 0.000000 0.000000 0.000000 1.000000
0.995327 0.045878 -0.084962 7.870951 -0.048470 0.998412 -0.028696 99.057251 0.083510 0.032680 0.995971 1.922652 0.000000 0.000000 0.000000 1.000000
0.995362 0.044940 -0.085052 7.755545 -0.047729 0.998378 -0.031039 98.775665 0.083519 0.034955 0.995893 1.672083 0.000000 0.000000 0.000000 1.000000
0.995353 0.043956 -0.085672 7.590590 -0.047066 0.998292 -0.034623 98.480667 0.084004 0.038495 0.995722 1.382166 0.000000 0.000000 0.000000 1.000000
0.995272 0.042987 -0.087094 7.380159 -0.046540 0.998148 -0.039173 98.183632 0.085248 0.043041 0.995430 1.075393 0.000000 0.000000 0.000000 1.000000
0.995147 0.042002 -0.088986 7.133863 -0.046093 0.997949 -0.044431 97.895500 0.086937 0.048317 0.995041 0.782810 0.000000 0.000000 0.000000 1.000000
0.995010 0.040969 -0.090976 6.859265 -0.045662 0.997699 -0.050123 97.627144 0.088713 0.054027 0.994591 0.516629 0.000000 0.000000 0.000000 1.000000
0.994890 0.039854 -0.092770 6.570194 -0.045177 0.997407 -0.056013 97.389229 0.090298 0.059918 0.994111 0.288975 0.000000 0.000000 0.000000 1.000000
0.994805 0.038674 -0.094165 6.269113 -0.044642 0.997071 -0.062109 97.187737 0.091487 0.065990 0.993617 0.070902 0.000000 0.000000 0.000000 1.000000
0.994762 0.037344 -0.095151 5.957794 -0.043941 0.996703 -0.068204 97.002144 0.092290 0.072027 0.993124 -0.159259 0.000000 0.000000 0.000000 1.000000
0.994747 0.035847 -0.095887 5.638166 -0.043039 0.996328 -0.074020 96.829330 0.092882 0.077758 0.992636 -0.391396 0.000000 0.000000 0.000000 1.000000
0.994748 0.034213 -0.096472 5.312479 -0.041960 0.995955 -0.079455 96.670708 0.093363 0.083085 0.992159 -0.673530 0.000000 0.000000 0.000000 1.000000
0.994779 0.032447 -0.096758 4.983078 -0.040665 0.995618 -0.084209 96.526863 0.093601 0.087704 0.991739 -0.934271 0.000000 0.000000 0.000000 1.000000
0.994829 0.030540 -0.096868 4.651985 -0.039133 0.995344 -0.088089 96.399361 0.093727 0.091424 0.991391 -1.218938 0.000000 0.000000 0.000000 1.000000
0.994921 0.028476 -0.096543 4.321539 -0.037294 0.995170 -0.090806 96.288414 0.093491 0.093945 0.991178 -1.439150 0.000000 0.000000 0.000000 1.000000
0.995103 0.026005 -0.095360 3.993071 -0.034916 0.995054 -0.092998 96.196213 0.092470 0.095872 0.991089 -1.577448 0.000000 0.000000 0.000000 1.000000
0.995339 0.023094 -0.093629 3.668077 -0.032000 0.994985 -0.094768 96.136810 0.090970 0.097322 0.991087 -1.685148 0.000000 0.000000 0.000000 1.000000
0.995596 0.019896 -0.091614 3.350590 -0.028741 0.994941 -0.096264 96.098412 0.089236 0.098473 0.991131 -1.759392 0.000000 0.000000 0.000000 1.000000
0.995856 0.016614 -0.089417 3.045051 -0.025352 0.994913 -0.097498 96.067085 0.087342 0.099361 0.991211 -1.797092 0.000000 0.000000 0.000000 1.000000
0.996099 0.013393 -0.087224 2.753743 -0.022000 0.994896 -0.098479 96.087532 0.085460 0.100014 0.991309 -1.800968 0.000000 0.000000 0.000000 1.000000
0.996315 0.010257 -0.085149 2.478533 -0.018721 0.994890 -0.099216 96.145622 0.083696 0.100445 0.991416 -1.772178 0.000000 0.000000 0.000000 1.000000
0.996513 0.007192 -0.083127 2.221479 -0.015498 0.994895 -0.099721 96.222473 0.081985 0.100661 0.991537 -1.710166 0.000000 0.000000 0.000000 1.000000
0.996707 0.004094 -0.080988 1.984046 -0.012212 0.994912 -0.100007 96.316986 0.080166 0.100666 0.991685 -1.609684 0.000000 0.000000 0.000000 1.000000
0.996880 0.000956 -0.078921 1.767735 -0.008877 0.994940 -0.100080 96.428841 0.078426 0.100469 0.991844 -1.475387 0.000000 0.000000 0.000000 1.000000
0.997036 -0.002155 -0.076901 1.574582 -0.005561 0.994975 -0.099972 96.558067 0.076730 0.100103 0.992014 -1.315638 0.000000 0.000000 0.000000 1.000000
0.997128 -0.005057 -0.075565 1.406466 -0.002504 0.995021 -0.099638 96.704193 0.075692 0.099541 0.992150 -1.134908 0.000000 0.000000 0.000000 1.000000
0.997121 -0.007471 -0.075463 1.265514 -0.000043 0.995079 -0.099089 96.886765 0.075832 0.098807 0.992213 -0.936559 0.000000 0.000000 0.000000 1.000000
0.997079 -0.009437 -0.075787 1.159272 0.001942 0.995149 -0.098363 97.098038 0.076348 0.097929 0.992261 -0.725589 0.000000 0.000000 0.000000 1.000000
0.997019 -0.011108 -0.076350 1.089995 0.003630 0.995240 -0.097384 97.335793 0.077068 0.096816 0.992314 -0.507155 0.000000 0.000000 0.000000 1.000000
0.996945 -0.012438 -0.077115 1.053536 0.004988 0.995363 -0.096064 97.598076 0.077953 0.095386 0.992383 -0.286525 0.000000 0.000000 0.000000 1.000000
0.996858 -0.013460 -0.078052 1.046493 0.006061 0.995528 -0.094277 97.879730 0.078972 0.093507 0.992482 -0.068761 0.000000 0.000000 0.000000 1.000000
0.996750 -0.014170 -0.079300 1.065778 0.006832 0.995731 -0.092047 98.174858 0.080266 0.091206 0.992592 0.143955 0.000000 0.000000 0.000000 1.000000
0.996609 -0.014558 -0.080979 1.108628 0.007280 0.995965 -0.089451 98.477005 0.081954 0.088558 0.992694 0.367642 0.000000 0.000000 0.000000 1.000000
0.996455 -0.014616 -0.082843 1.172915 0.007416 0.996219 -0.086563 98.779007 0.083795 0.085642 0.992796 0.632897 0.000000 0.000000 0.000000 1.000000
0.996303 -0.014284 -0.084718 1.256775 0.007193 0.996488 -0.083424 99.074394 0.085613 0.082506 0.992906 0.879439 0.000000 0.000000 0.000000 1.000000
0.996154 -0.013492 -0.086575 1.358728 0.006538 0.996765 -0.080106 99.354103 0.087375 0.079232 0.993020 1.177748 0.000000 0.000000 0.000000 1.000000
0.996008 -0.012233 -0.088427 1.476797 0.005434 0.997037 -0.076725 99.609978 0.089104 0.075938 0.993123 1.466309 0.000000 0.000000 0.000000 1.000000
0.995871 -0.010398 -0.090184 1.609869 0.003770 0.997299 -0.073352 99.832596 0.090703 0.072709 0.993220 1.759305 0.000000 0.000000 0.000000 1.000000
0.995764 -0.008200 -0.091582 1.751919 0.001759 0.997532 -0.070192 100.022934 0.091932 0.069733 0.993321 2.043468 0.000000 0.000000 0.000000 1.000000
0.995721 -0.005950 -0.092214 1.895468 -0.000265 0.997737 -0.067240 100.185753 0.092406 0.066977 0.993466 2.275952 0.000000 0.000000 0.000000 1.000000
0.995698 -0.003731 -0.092581 2.055056 -0.002266 0.997909 -0.064589 100.315300 0.092628 0.064521 0.993608 2.527515 0.000000 0.000000 0.000000 1.000000
0.995697 -0.001260 -0.092657 2.247116 -0.004552 0.998036 -0.062483 100.406616 0.092554 0.062636 0.993736 2.807605 0.000000 0.000000 0.000000 1.000000
0.995717 0.001498 -0.092442 2.467044 -0.007175 0.998105 -0.061118 100.455940 0.092175 0.061520 0.993841 3.014805 0.000000 0.000000 0.000000 1.000000
0.995733 0.003978 -0.092193 2.706689 -0.009567 0.998137 -0.060258 100.458633 0.091782 0.060883 0.993916 3.179686 0.000000 0.000000 0.000000 1.000000
0.995750 0.005933 -0.091909 2.959936 -0.011449 0.998156 -0.059613 100.412155 0.091386 0.060411 0.993981 3.339281 0.000000 0.000000 0.000000 1.000000
0.995772 0.006985 -0.091588 3.219745 -0.012431 0.998179 -0.059032 100.321312 0.091009 0.059921 0.994046 3.489694 0.000000 0.000000 0.000000 1.000000
0.995805 0.007001 -0.091231 3.480480 -0.012414 0.998187 -0.058900 100.191017 0.090653 0.059786 0.994086 3.628301 0.000000 0.000000 0.000000 1.000000
0.995849 0.005805 -0.090836 3.736313 -0.011211 0.998188 -0.059120 100.026833 0.090328 0.059893 0.994109 3.751242 0.000000 0.000000 0.000000 1.000000
0.995897 0.003914 -0.090409 3.985354 -0.009322 0.998186 -0.059475 99.834732 0.090012 0.060074 0.994127 3.854894 0.000000 0.000000 0.000000 1.000000
0.995945 0.001428 -0.089949 4.223410 -0.006837 0.998184 -0.059850 99.620232 0.089700 0.060222 0.994146 3.936878 0.000000 0.000000 0.000000 1.000000
0.995990 -0.001160 -0.089460 4.448523 -0.004252 0.998173 -0.060272 99.388710 0.089367 0.060411 0.994165 3.991484 0.000000 0.000000 0.000000 1.000000
0.996030 -0.003505 -0.088944 4.657938 -0.001914 0.998150 -0.060772 99.145256 0.088992 0.060701 0.994181 4.013089 0.000000 0.000000 0.000000 1.000000
0.996091 -0.005584 -0.088158 4.847417 0.000163 0.998115 -0.061377 98.894791 0.088335 0.061123 0.994214 4.002856 0.000000 0.000000 0.000000 1.000000
0.996210 -0.007023 -0.086694 5.014876 0.001631 0.998068 -0.062116 98.642242 0.086962 0.061739 0.994297 3.959290 0.000000 0.000000 0.000000 1.000000
0.996405 -0.008081 -0.084329 5.154498 0.002761 0.998009 -0.063019 98.392258 0.084670 0.062559 0.994443 3.887998 0.000000 0.000000 0.000000 1.000000
0.996784 -0.008768 -0.079652 5.263255 0.003655 0.997936 -0.064113 98.149521 0.080049 0.063615 0.994759 3.796322 0.000000 0.000000 0.000000 1.000000
0.997327 -0.009105 -0.072497 5.353155 0.004347 0.997842 -0.065516 97.918266 0.072937 0.065026 0.995214 3.691694 0.000000 0.000000 0.000000 1.000000
0.997833 -0.009300 -0.065144 5.435503 0.004887 0.997703 -0.067568 97.702377 0.065623 0.067103 0.995586 3.578657 0.000000 0.000000 0.000000 1.000000
0.998238 -0.009436 -0.058587 5.508904 0.005322 0.997534 -0.069989 97.506729 0.059103 0.069554 0.995826 3.464209 0.000000 0.000000 0.000000 1.000000
0.998489 -0.009615 -0.054110 5.571486 0.005695 0.997379 -0.072136 97.336723 0.054661 0.071718 0.995926 3.350134 0.000000 0.000000 0.000000 1.000000
0.998588 -0.009942 -0.052175 5.622167 0.006045 0.997216 -0.074322 97.208466 0.052769 0.073902 0.995868 3.218538 0.000000 0.000000 0.000000 1.000000
0.998592 -0.010099 -0.052085 5.664246 0.006095 0.997054 -0.076460 97.067192 0.052704 0.076035 0.995711 3.104931 0.000000 0.000000 0.000000 1.000000
0.998488 -0.010110 -0.054035 5.697184 0.005850 0.996903 -0.078420 96.951775 0.054661 0.077986 0.995455 2.992442 0.000000 0.000000 0.000000 1.000000
0.998336 -0.010077 -0.056770 5.722034 0.005491 0.996750 -0.080372 96.855026 0.057395 0.079927 0.995147 2.898055 0.000000 0.000000 0.000000 1.000000
0.998142 -0.010013 -0.060105 5.738974 0.005040 0.996593 -0.082320 96.794052 0.060724 0.081864 0.994792 2.828744 0.000000 0.000000 0.000000 1.000000
0.997927 -0.009930 -0.063589 5.748631 0.004538 0.996422 -0.084392 96.767326 0.064199 0.083929 0.994402 2.760576 0.000000 0.000000 0.000000 1.000000
0.997723 -0.009829 -0.066726 5.751550 0.004046 0.996265 -0.086250 96.797119 0.067325 0.085784 0.994036 2.696905 0.000000 0.000000 0.000000 1.000000
0.997504 -0.009654 -0.069948 5.747772 0.003483 0.996130 -0.087821 96.873703 0.070525 0.087359 0.993677 2.641696 0.000000 0.000000 0.000000 1.000000
0.997285 -0.009410 -0.073033 5.737884 0.002859 0.996002 -0.089289 96.981262 0.073582 0.088837 0.993325 2.602242 0.000000 0.000000 0.000000 1.000000
0.997119 -0.009232 -0.075288 5.722130 0.002376 0.995880 -0.090651 97.126022 0.075815 0.090211 0.993033 2.580489 0.000000 0.000000 0.000000 1.000000
0.997019 -0.009132 -0.076616 5.700822 0.002058 0.995766 -0.091905 97.285706 0.077131 0.091474 0.992816 2.581338 0.000000 0.000000 0.000000 1.000000
0.996917 -0.009224 -0.077922 5.672707 0.001939 0.995660 -0.093050 97.458252 0.078442 0.092612 0.992608 2.603030 0.000000 0.000000 0.000000 1.000000
0.996818 -0.009373 -0.079158 5.638363 0.001890 0.995563 -0.094084 97.641388 0.079688 0.093635 0.992412 2.642492 0.000000 0.000000 0.000000 1.000000
0.996727 -0.009551 -0.080273 5.597747 0.001888 0.995475 -0.095004 97.832909 0.080817 0.094541 0.992235 2.695843 0.000000 0.000000 0.000000 1.000000
0.996649 -0.009698 -0.081223 5.551718 0.001909 0.995433 -0.095440 98.030922 0.081777 0.094965 0.992116 2.757763 0.000000 0.000000 0.000000 1.000000
0.996588 -0.009855 -0.081952 5.500836 0.001942 0.995371 -0.096083 98.231667 0.082520 0.095596 0.991994 2.825991 0.000000 0.000000 0.000000 1.000000
0.996546 -0.010168 -0.082417 5.444407 0.002195 0.995354 -0.096259 98.433510 0.083013 0.095745 0.991938 2.892243 0.000000 0.000000 0.000000 1.000000
