<?xml version="1.0" encoding="utf-8"?>
<COLLADA xmlns="http://www.collada.org/2005/11/COLLADASchema" version="1.4.1">
  <asset><contributor><author>Mixamo</author><authoring_tool>COLLADA Mixamo exporter</authoring_tool><comments></comments></contributor><created>2018-10-13T13:45:55Z</created><modified>2018-10-13T13:45:55Z</modified><revision></revision><title></title><unit meter="0.010000"/><up_axis>Y_UP</up_axis></asset>
  <library_animations>
    <animation id="mixamorig_Hips-anim" name="mixamorig_Hips"><source id="mixamorig_Hips-Matrix-animation-input"><float_array id="mixamorig_Hips-Matrix-animation-input-array" count="28">

0.000000 0.033333 0.066667 0.100000 0.133333 0.166667 0.200000 0.233333 0.266667 0.300000 0.333333 0.366667 0.400000 0.433333 0.466667 0.500000
0.533333 0.566667 0.600000 0.633333 0.666667 0.700000 0.733333 0.766667 0.800000 0.833333 0.866667 0.900000</float_array><technique_common><accessor source="#mixamorig_Hips-Matrix-animation-input-array" count="28"><param name="TIME" type="float"/></accessor></technique_common></source><source id="mixamorig_Hips-Matrix-animation-output-transform"><float_array id="mixamorig_Hips-Matrix-animation-output-transform-array" count="448">

0.992922 0.014592 -0.117869 0.267317 -0.025577 0.995409 -0.092227 97.549988 0.115982 0.094589 0.988737 1.356629 0.000000 0.000000 0.000000 1.000000
0.991620 -0.003511 -0.129143 0.423613 -0.010564 0.994079 -0.108144 97.555229 0.128758 0.108602 0.985712 1.361591 0.000000 0.000000 0.000000 1.000000
0.990120 -0.021253 -0.138601 0.923663 0.003963 0.992293 -0.123847 97.626526 0.140165 0.122074 0.982574 1.239488 0.000000 0.000000 0.000000 1.000000
0.989872 -0.036174 -0.137277 1.509260 0.017173 0.990402 -0.137146 97.713074 0.140920 0.133400 0.980992 0.995208 0.000000 0.000000 0.000000 1.000000
0.991056 -0.047893 -0.124553 1.912326 0.029217 0.988606 -0.147664 97.765297 0.130206 0.142704 0.981164 0.653050 0.000000 0.000000 0.000000 1.000000
0.992654 -0.057379 -0.106517 1.876535 0.040290 0.986910 -0.156159 97.732002 0.114083 0.150720 0.981972 0.236926 0.000000 0.000000 0.000000 1.000000
0.994528 -0.064224 -0.082393 1.501157 0.050187 0.985453 -0.162368 97.386108 0.091623 0.157345 0.983284 -0.226576 0.000000 0.000000 0.000000 1.000000
0.996348 -0.068569 -0.050880 0.919636 0.059171 0.984093 -0.167512 96.684311 0.061557 0.163889 0.984556 -0.702864 0.000000 0.000000 0.000000 1.000000
0.997584 -0.068506 -0.011530 0.235122 0.065498 0.982819 -0.172561 95.912445 0.023153 0.171389 0.984931 -1.164511 0.000000 0.000000 0.000000 1.000000
0.997381 -0.053419 0.048762 -0.376342 0.061262 0.982318 -0.176916 95.205048 -0.038449 0.179440 0.983017 -1.592290 0.000000 0.000000 0.000000 1.000000
0.993182 -0.029294 0.112837 -0.919471 0.049554 0.982202 -0.181171 94.467911 -0.105521 0.185527 0.976957 -1.988346 0.000000 0.000000 0.000000 1.000000
0.983996 -0.006927 0.178055 -1.593267 0.040523 0.981760 -0.185753 94.004257 -0.173521 0.189996 0.966329 -2.308513 0.000000 0.000000 0.000000 1.000000
0.969262 0.015985 0.245511 -2.352229 0.032399 0.980904 -0.191776 93.716316 -0.243888 0.193836 0.950235 -2.529663 0.000000 0.000000 0.000000 1.000000
0.947278 0.043212 0.317486 -3.190902 0.021443 0.980093 -0.197376 93.539719 -0.319694 0.193778 0.927494 -2.499984 0.000000 0.000000 0.000000 1.000000
0.916571 0.068228 0.394009 -4.054141 0.013781 0.979361 -0.201648 93.667366 -0.399635 0.190254 0.896713 -2.288841 0.000000 0.000000 0.000000 1.000000
0.873073 0.073958 0.481947 -4.489272 0.025624 0.980104 -0.196823 95.000900 -0.486915 0.184191 0.853808 -2.256545 0.000000 0.000000 0.000000 1.000000
0.806953 0.073849 0.585981 -3.883619 0.044041 0.981866 -0.184390 96.599976 -0.588972 0.174602 0.789067 -3.239478 0.000000 0.000000 0.000000 1.000000
0.726407 0.070287 0.683661 -2.559050 0.059522 0.984585 -0.164469 98.405174 -0.684682 0.160164 0.711026 -4.705390 0.000000 0.000000 0.000000 1.000000
0.650634 0.065431 0.756567 -1.231325 0.066969 0.987455 -0.142992 100.149643 -0.756432 0.143702 0.638091 -6.261991 0.000000 0.000000 0.000000 1.000000
0.588364 0.060966 0.806295 -0.353142 0.067380 0.989989 -0.124024 101.255753 -0.805784 0.127299 0.578366 -7.231061 0.000000 0.000000 0.000000 1.000000
0.526088 0.058928 0.848386 0.436112 0.062270 0.992249 -0.107534 101.393692 -0.848148 0.109401 0.518341 -7.526834 0.000000 0.000000 0.000000 1.000000
0.456717 0.062675 0.887401 0.999166 0.051103 0.994020 -0.096506 101.154633 -0.888143 0.089425 0.450783 -6.929420 0.000000 0.000000 0.000000 1.000000
0.388759 0.069088 0.918746 1.321868 0.037519 0.995170 -0.090711 100.655441 -0.920575 0.069735 0.384289 -5.798544 0.000000 0.000000 0.000000 1.000000
0.320418 0.074054 0.944377 1.468429 0.028028 0.995762 -0.087593 99.827812 -0.946862 0.054535 0.316984 -4.325738 0.000000 0.000000 0.000000 1.000000
0.255431 0.079472 0.963556 1.488552 0.017452 0.996075 -0.086781 98.991913 -0.966670 0.038982 0.253041 -2.798456 0.000000 0.000000 0.000000 1.000000
0.197381 0.084933 0.976641 1.438472 0.005391 0.996131 -0.087718 98.261101 -0.980312 0.022578 0.196160 -1.456279 0.000000 0.000000 0.000000 1.000000
0.149783 0.090074 0.984607 1.374861 -0.008764 0.995923 -0.089776 97.748001 -0.988680 0.004818 0.149961 -0.534046 0.000000 0.000000 0.000000 1.000000
0.115982 0.094589 0.988737 1.356593 -0.025577 0.995409 -0.092227 97.549973 -0.992922 -0.014592 0.117869 -0.267434 0.000000 0.000000 0.000000 1.000000</float_array><technique_common><accessor source="#mixamorig_Hips-Matrix-animation-output-transform-array" count="28" stride="16"><param type="float4x4"/></accessor></technique_common></source><source id="mixamorig_Hips-Interpolations"><Name_array id="mixamorig_Hips-Interpolations-array" count="28">
 LINEAR LINEAR LINEAR LINEAR LINEAR LINEAR LINEAR LINEAR LINEAR LINEAR LINEAR
LINEAR LINEAR LINEAR LINEAR LINEAR LINEAR LINEAR LINEAR LINEAR LINEAR LINEAR LINEAR
LINEAR LINEAR LINEAR LINEAR LINEAR</Name_array><technique_common><accessor source="#mixamorig_Hips-Interpolations-array" count="28"><param type="name"/></accessor></technique_common></source><sampler id="mixamorig_Hips-Matrix-animation-transform"><input semantic="INPUT" source="#mixamorig_Hips-Matrix-animation-input"/><input semantic="OUTPUT" source="#mixamorig_Hips-Matrix-animation-output-transform"/><input semantic="INTERPOLATION" source="#mixamorig_Hips-Interpolations"/></sampler><channel source="#mixamorig_Hips-Matrix-animation-transform" target="mixamorig_Hips/matrix"/></animation>
    <animation id="mixamorig_Spine-anim" name="mixamorig_Spine"><source id="mixamorig_Spine-Matrix-animation-input"><float_array id="mixamorig_Spine-Matrix-animation-input-array" count="28">

0.000000 0.033333 0.066667 0.100000 0.133333 0.166667 0.200000 0.233333 0.266667 0.300000 0.333333 0.366667 0.400000 0.433333 0.466667 0.500000
0.533333 0.566667 0.600000 0.633333 0.666667 0.700000 0.733333 0.766667 0.800000 0.833333 0.866667 0.900000</float_array><technique_common><accessor source="#mixamorig_Spine-Matrix-animation-input-array" count="28"><param name="TIME" type="float"/></accessor></technique_common></source><source id="mixamorig_Spine-Matrix-animation-output-transform"><float_array id="mixamorig_Spine-Matrix-animation-output-transform-array" count="448">

0.994892 -0.083012 0.057436 -0.038100 0.091214 0.983019 -0.159229 9.490500 -0.043242 0.163655 0.985569 -1.392100 0.000000 0.000000 0.000000 1.000000
0.995162 -0.071295 0.067604 -0.038100 0.080959 0.984889 -0.153100 9.490500 -0.055667 0.157832 0.985896 -1.392100 0.000000 0.000000 0.000000 1.000000
0.995091 -0.059835 0.078823 -0.038100 0.070928 0.986676 -0.146423 9.490500 -0.069011 0.151295 0.986077 -1.392100 0.000000 0.000000 0.000000 1.000000
0.994468 -0.049610 0.092583 -0.038100 0.062146 0.988500 -0.137860 9.490500 -0.084679 0.142851 0.986115 -1.392100 0.000000 0.000000 0.000000 1.000000
0.993985 -0.042483 0.100945 -0.038100 0.055717 0.989665 -0.132132 9.490500 -0.094288 0.136961 0.986079 -1.392100 0.000000 0.000000 0.000000 1.000000
0.993352 -0.041705 0.107299 -0.038100 0.055455 0.990152 -0.128542 9.490500 -0.100882 0.133637 0.985882 -1.392100 0.000000 0.000000 0.000000 1.000000
0.992424 -0.047003 0.113509 -0.038100 0.061535 0.989847 -0.128126 9.490500 -0.106335 0.134140 0.985241 -1.392100 0.000000 0.000000 0.000000 1.000000
0.991147 -0.054723 0.120968 -0.038100 0.070378 0.989121 -0.129179 9.490500 -0.112583 0.136549 0.984215 -1.392100 0.000000 0.000000 0.000000 1.000000
0.989573 -0.064954 0.128555 -0.038100 0.081761 0.988123 -0.130108 9.490500 -0.118577 0.139262 0.983130 -1.392100 0.000000 0.000000 0.000000 1.000000
0.987659 -0.080500 0.134347 -0.038100 0.097950 0.986823 -0.128785 9.490500 -0.122210 0.140355 0.982530 -1.392100 0.000000 0.000000 0.000000 1.000000
0.985243 -0.099633 0.139173 -0.038100 0.117471 0.984991 -0.126461 9.490500 -0.124484 0.140943 0.982160 -1.392100 0.000000 0.000000 0.000000 1.000000
0.983288 -0.113258 0.142541 -0.038100 0.131240 0.983591 -0.123798 9.490500 -0.126181 0.140436 0.982016 -1.392100 0.000000 0.000000 0.000000 1.000000
0.980845 -0.126309 0.148287 -0.038100 0.144429 0.982389 -0.118542 9.490500 -0.130702 0.137688 0.981814 -1.392100 0.000000 0.000000 0.000000 1.000000
0.978133 -0.137773 0.155802 -0.038100 0.155796 0.981640 -0.110049 9.490500 -0.137780 0.131916 0.981639 -1.392100 0.000000 0.000000 0.000000 1.000000
0.976480 -0.143088 0.161282 -0.038100 0.160320 0.982048 -0.099390 9.490500 -0.144166 0.122909 0.981891 -1.392100 0.000000 0.000000 0.000000 1.000000
0.978157 -0.134945 0.158108 -0.038100 0.150318 0.984565 -0.089640 9.490500 -0.143571 0.111449 0.983345 -1.392100 0.000000 0.000000 0.000000 1.000000
0.981761 -0.120071 0.147404 -0.038100 0.133185 0.987647 -0.082551 9.490500 -0.135671 0.100678 0.985625 -1.392100 0.000000 0.000000 0.000000 1.000000
0.985430 -0.103497 0.134966 -0.038100 0.115383 0.989812 -0.083426 9.490500 -0.124957 0.097784 0.987332 -1.392100 0.000000 0.000000 0.000000 1.000000
0.987878 -0.087569 0.128178 -0.038100 0.099135 0.991279 -0.086820 9.490500 -0.119457 0.098475 0.987944 -1.392100 0.000000 0.000000 0.000000 1.000000
0.989920 -0.072241 0.121820 -0.038100 0.083669 0.992287 -0.091466 9.490500 -0.114272 0.100737 0.988329 -1.392100 0.000000 0.000000 0.000000 1.000000
0.992053 -0.059674 0.110769 -0.038100 0.070645 0.992685 -0.097911 9.490500 -0.104116 0.104959 0.989011 -1.392100 0.000000 0.000000 0.000000 1.000000
0.993901 -0.051546 0.097485 -0.038100 0.061906 0.992391 -0.106428 9.490500 -0.091257 0.111814 0.989530 -1.392100 0.000000 0.000000 0.000000 1.000000
0.994685 -0.059006 0.084385 -0.038100 0.068499 0.991068 -0.114423 9.490500 -0.076879 0.119595 0.989842 -1.392100 0.000000 0.000000 0.000000 1.000000
0.994433 -0.077077 0.071850 -0.038100 0.085492 0.988775 -0.122540 9.490500 -0.061598 0.128000 0.989859 -1.392100 0.000000 0.000000 0.000000 1.000000
0.993360 -0.095648 0.063929 -0.038100 0.103370 0.985973 -0.131039 9.490500 -0.050499 0.136777 0.989314 -1.392100 0.000000 0.000000 0.000000 1.000000
0.993628 -0.095715 0.059521 -0.038100 0.103276 0.984660 -0.140635 9.490500 -0.045147 0.145886 0.988271 -1.392100 0.000000 0.000000 0.000000 1.000000
0.994346 -0.089201 0.057614 -0.038100 0.096967 0.983885 -0.150227 9.490500 -0.043285 0.154964 0.986971 -1.392100 0.000000 0.000000 0.000000 1.000000
0.994892 -0.083012 0.057435 -0.038100 0.091214 0.983019 -0.159229 9.490500 -0.043242 0.163655 0.985570 -1.392100 0.000000 0.000000 0.000000 1.000000</float_array><technique_common><accessor source="#mixamorig_Spine-Matrix-animation-output-transform-array" count="28" stride="16"><param type="float4x4"/></accessor></technique_common></source><source id="mixamorig_Spine-Interpolations"><Name_array id="mixamorig_Spine-Interpolations-array" count="28">
 LINEAR LINEAR LINEAR LINEAR LINEAR LINEAR LINEAR LINEAR LINEAR LINEAR LINEAR
LINEAR LINEAR LINEAR LINEAR LINEAR LINEAR LINEAR LINEAR LINEAR LINEAR LINEAR LINEAR
LINEAR LINEAR LINEAR LINEAR LINEAR</Name_array><technique_common><accessor source="#mixamorig_Spine-Interpolations-array" count="28"><param type="name"/></accessor></technique_common></source><sampler id="mixamorig_Spine-Matrix-animation-transform"><input semantic="INPUT" source="#mixamorig_Spine-Matrix-animation-input"/><input semantic="OUTPUT" source="#mixamorig_Spine-Matrix-animation-output-transform"/><input semantic="INTERPOLATION" source="#mixamorig_Spine-Interpolations"/></sampler><channel source="#mixamorig_Spine-Matrix-animation-transform" target="mixamorig_Spine/matrix"/></animation>
    <animation id="mixamorig_Spine1-anim" name="mixamorig_Spine1"><source id="mixamorig_Spine1-Matrix-animation-input"><float_array id="mixamorig_Spine1-Matrix-animation-input-array" count="28">

0.000000 0.033333 0.066667 0.100000 0.133333 0.166667 0.200000 0.233333 0.266667 0.300000 0.333333 0.366667 0.400000 0.433333 0.466667 0.500000
0.533333 0.566667 0.600000 0.633333 0.666667 0.700000 0.733333 0.766667 0.800000 0.833333 0.866667 0.900000</float_array><technique_common><accessor source="#mixamorig_Spine1-Matrix-animation-input-array" count="28"><param name="TIME" type="float"/></accessor></technique_common></source><source id="mixamorig_Spine1-Matrix-animation-output-transform"><float_array id="mixamorig_Spine1-Matrix-animation-output-transform-array" count="448">

0.999594 -0.018446 0.021728 -0.044200 0.020783 0.993406 -0.112746 11.072300 -0.019505 0.113152 0.993386 -1.624100 0.000000 0.000000 0.000000 1.000000
0.999477 -0.017000 0.027505 -0.044200 0.019981 0.993508 -0.111994 11.072300 -0.025423 0.112485 0.993328 -1.624100 0.000000 0.000000 0.000000 1.000000
0.999290 -0.015244 0.034443 -0.044200 0.018986 0.993631 -0.111071 11.072300 -0.032531 0.111646 0.993215 -1.624100 0.000000 0.000000 0.000000 1.000000
0.998876 -0.012284 0.045775 -0.044200 0.017238 0.993843 -0.109448 11.072300 -0.044149 0.110114 0.992938 -1.624100 0.000000 0.000000 0.000000 1.000000
0.998266 -0.009114 0.058151 -0.044200 0.015344 0.994074 -0.107621 11.072300 -0.056825 0.108326 0.992490 -1.624100 0.000000 0.000000 0.000000 1.000000
0.997441 -0.006159 0.071230 -0.044200 0.013696 0.994293 -0.105803 11.072300 -0.070172 0.106507 0.991833 -1.624100 0.000000 0.000000 0.000000 1.000000
0.996434 -0.003871 0.084284 -0.044200 0.012675 0.994478 -0.104179 11.072300 -0.083415 0.104876 0.990981 -1.624100 0.000000 0.000000 0.000000 1.000000
0.995076 -0.002461 0.099083 -0.044200 0.012708 0.994609 -0.102919 11.072300 -0.098296 0.103672 0.989742 -1.624100 0.000000 0.000000 0.000000 1.000000
0.993935 -0.002850 0.109934 -0.044200 0.014208 0.994614 -0.102673 11.072300 -0.109049 0.103612 0.988622 -1.624100 0.000000 0.000000 0.000000 1.000000
0.993009 -0.007727 0.117782 -0.044200 0.019820 0.994602 -0.101852 11.072300 -0.116359 0.103475 0.987802 -1.624100 0.000000 0.000000 0.000000 1.000000
0.992639 -0.014329 0.120261 -0.044200 0.026549 0.994570 -0.100629 11.072300 -0.118166 0.103081 0.987629 -1.624100 0.000000 0.000000 0.000000 1.000000
0.992390 -0.019413 0.121591 -0.044200 0.031609 0.994566 -0.099197 11.072300 -0.119005 0.102286 0.987611 -1.624100 0.000000 0.000000 0.000000 1.000000
0.991921 -0.023310 0.124696 -0.044200 0.035476 0.994725 -0.096251 11.072300 -0.121795 0.099897 0.987515 -1.624100 0.000000 0.000000 0.000000 1.000000
0.991336 -0.025834 0.128782 -0.044200 0.037760 0.995131 -0.091040 11.072300 -0.125803 0.095114 0.987485 -1.624100 0.000000 0.000000 0.000000 1.000000
0.990912 -0.025707 0.132029 -0.044200 0.037020 0.995782 -0.083954 11.072300 -0.129314 0.088079 0.987684 -1.624100 0.000000 0.000000 0.000000 1.000000
0.990896 -0.022742 0.132694 -0.044200 0.033066 0.996550 -0.076126 11.072300 -0.130505 0.079820 0.988229 -1.624100 0.000000 0.000000 0.000000 1.000000
0.991596 -0.018141 0.128095 -0.044200 0.027101 0.997279 -0.068556 11.072300 -0.126503 0.071451 0.989390 -1.624100 0.000000 0.000000 0.000000 1.000000
0.992389 -0.014484 0.122284 -0.044200 0.022756 0.997525 -0.066526 11.072300 -0.121018 0.068802 0.990263 -1.624100 0.000000 0.000000 0.000000 1.000000
0.992734 -0.013400 0.119583 -0.044200 0.021452 0.997569 -0.066308 11.072300 -0.118403 0.068392 0.990608 -1.624100 0.000000 0.000000 0.000000 1.000000
0.993044 -0.011950 0.117132 -0.044200 0.019886 0.997567 -0.066822 11.072300 -0.116049 0.068687 0.990866 -1.624100 0.000000 0.000000 0.000000 1.000000
0.993704 -0.009828 0.111604 -0.044200 0.017641 0.997444 -0.069234 11.072300 -0.110639 0.070767 0.991338 -1.624100 0.000000 0.000000 0.000000 1.000000
0.994709 -0.008465 0.102383 -0.044200 0.016110 0.997123 -0.074072 11.072300 -0.101461 0.075329 0.991983 -1.624100 0.000000 0.000000 0.000000 1.000000
0.996083 -0.008246 0.088040 -0.044200 0.015306 0.996691 -0.079824 11.072300 -0.087091 0.080858 0.992913 -1.624100 0.000000 0.000000 0.000000 1.000000
0.997460 -0.008765 0.070682 -0.044200 0.014864 0.996164 -0.086231 11.072300 -0.069655 0.087063 0.993765 -1.624100 0.000000 0.000000 0.000000 1.000000
0.998552 -0.010087 0.052836 -0.044200 0.014978 0.995553 -0.092999 11.072300 -0.051663 0.093656 0.994263 -1.624100 0.000000 0.000000 0.000000 1.000000
0.999226 -0.013044 0.037119 -0.044200 0.016695 0.994865 -0.099827 11.072300 -0.035626 0.100370 0.994312 -1.624100 0.000000 0.000000 0.000000 1.000000
0.999523 -0.016666 0.025982 -0.044200 0.019344 0.994125 -0.106498 11.072300 -0.024055 0.106950 0.993973 -1.624100 0.000000 0.000000 0.000000 1.000000
0.999594 -0.018446 0.021728 -0.044200 0.020783 0.993406 -0.112746 11.072300 -0.019505 0.113152 0.993386 -1.624100 0.000000 0.000000 0.000000 1.000000</float_array><technique_common><accessor source="#mixamorig_Spine1-Matrix-animation-output-transform-array" count="28" stride="16"><param type="float4x4"/></accessor></technique_common></source><source id="mixamorig_Spine1-Interpolations"><Name_array id="mixamorig_Spine1-Interpolations-array" count="28">
 LINEAR LINEAR LINEAR LINEAR LINEAR LINEAR LINEAR LINEAR LINEAR LINEAR LINEAR
LINEAR LINEAR LINEAR LINEAR LINEAR LINEAR LINEAR LINEAR LINEAR LINEAR LINEAR LINEAR
LINEAR LINEAR LINEAR LINEAR LINEAR</Name_array><technique_common><accessor source="#mixamorig_Spine1-Interpolations-array" count="28"><param type="name"/></accessor></technique_common></source><sampler id="mixamorig_Spine1-Matrix-animation-transform"><input semantic="INPUT" source="#mixamorig_Spine1-Matrix-animation-input"/><input semantic="OUTPUT" source="#mixamorig_Spine1-Matrix-animation-output-transform"/><input semantic="INTERPOLATION" source="#mixamorig_Spine1-Interpolations"/></sampler><channel source="#mixamorig_Spine1-Matrix-animation-transform" target="mixamorig_Spine1/matrix"/></animation>
    <animation id="mixamorig_Spine2-anim" name="mixamorig_Spine2"><source id="mixamorig_Spine2-Matrix-animation-input"><float_array id="mixamorig_Spine2-Matrix-animation-input-array" count="28">

0.000000 0.033333 0.066667 0.100000 0.133333 0.166667 0.200000 0.233333 0.266667 0.300000 0.333333 0.366667 0.400000 0.433333 0.466667 0.500000
0.533333 0.566667 0.600000 0.633333 0.666667 0.700000 0.733333 0.766667 0.800000 0.833333 0.866667 0.900000</float_array><technique_common><accessor source="#mixamorig_Spine2-Matrix-animation-input-array" count="28"><param name="TIME" type="float"/></accessor></technique_common></source><source id="mixamorig_Spine2-Matrix-animation-output-transform"><float_array id="mixamorig_Spine2-Matrix-animation-output-transform-array" count="448">

0.999596 -0.019168 0.020980 -0.050500 0.021414 0.993400 -0.112683 12.654000 -0.018682 0.113087 0.993409 -1.856100 0.000000 0.000000 0.000000 1.000000
0.999510 -0.015871 0.026968 -0.050500 0.018797 0.993534 -0.111966 12.654000 -0.025016 0.112418 0.993346 -1.856100 0.000000 0.000000 0.000000 1.000000
0.999349 -0.011890 0.034075 -0.050500 0.015611 0.993686 -0.111106 12.654000 -0.032539 0.111565 0.993224 -1.856100 0.000000 0.000000 0.000000 1.000000
0.998959 -0.005286 0.045311 -0.050500 0.010232 0.993919 -0.109637 12.654000 -0.044456 0.109987 0.992938 -1.856100 0.000000 0.000000 0.000000 1.000000
0.998386 0.001705 0.056773 -0.050500 0.004446 0.994137 -0.108040 12.654000 -0.056625 0.108118 0.992524 -1.856100 0.000000 0.000000 0.000000 1.000000
0.997614 0.008528 0.068512 -0.050500 -0.001186 0.994312 -0.106500 12.654000 -0.069031 0.106165 0.991949 -1.856100 0.000000 0.000000 0.000000 1.000000
0.996672 0.014540 0.080211 -0.050500 -0.006044 0.994436 -0.105166 12.654000 -0.081294 0.104331 0.991215 -1.856100 0.000000 0.000000 0.000000 1.000000
0.995397 0.019794 0.093772 -0.050500 -0.009962 0.994509 -0.104180 12.654000 -0.095319 0.102766 0.990128 -1.856100 0.000000 0.000000 0.000000 1.000000
0.994367 0.022013 0.103686 -0.050500 -0.011157 0.994500 -0.104144 12.654000 -0.105408 0.102400 0.989143 -1.856100 0.000000 0.000000 0.000000 1.000000
0.993595 0.018364 0.111499 -0.050500 -0.006766 0.994605 -0.103513 12.654000 -0.112799 0.102096 0.988359 -1.856100 0.000000 0.000000 0.000000 1.000000
0.993415 0.011907 0.113953 -0.050500 -0.000182 0.994748 -0.102356 12.654000 -0.114574 0.101661 0.988199 -1.856100 0.000000 0.000000 0.000000 1.000000
0.993309 0.006833 0.115287 -0.050500 0.004875 0.994878 -0.100967 12.654000 -0.115386 0.100853 0.988188 -1.856100 0.000000 0.000000 0.000000 1.000000
0.992965 0.002911 0.118369 -0.050500 0.008772 0.995142 -0.098060 12.654000 -0.118079 0.098409 0.988116 -1.856100 0.000000 0.000000 0.000000 1.000000
0.992479 0.000335 0.122411 -0.050500 0.011119 0.995615 -0.092880 12.654000 -0.121905 0.093543 0.988124 -1.856100 0.000000 0.000000 0.000000 1.000000
0.992067 0.000432 0.125707 -0.050500 0.010439 0.996257 -0.085808 12.654000 -0.125273 0.086439 0.988350 -1.856100 0.000000 0.000000 0.000000 1.000000
0.991963 0.003404 0.126484 -0.050500 0.006519 0.996935 -0.077962 12.654000 -0.126362 0.078160 0.988900 -1.856100 0.000000 0.000000 0.000000 1.000000
0.992491 0.008091 0.122049 -0.050500 0.000518 0.997523 -0.070346 12.654000 -0.122316 0.069881 0.990028 -1.856100 0.000000 0.000000 0.000000 1.000000
0.993121 0.011870 0.116488 -0.050500 -0.003913 0.997658 -0.068294 12.654000 -0.117026 0.067368 0.990841 -1.856100 0.000000 0.000000 0.000000 1.000000
0.993390 0.013025 0.114044 -0.050500 -0.005263 0.997665 -0.068092 12.654000 -0.114665 0.067042 0.991139 -1.856100 0.000000 0.000000 0.000000 1.000000
0.993663 0.014715 0.111431 -0.050500 -0.007077 0.997617 -0.068632 12.654000 -0.112175 0.067408 0.991399 -1.856100 0.000000 0.000000 0.000000 1.000000
0.994247 0.017056 0.105741 -0.050500 -0.009555 0.997428 -0.071038 12.654000 -0.106680 0.069619 0.991853 -1.856100 0.000000 0.000000 0.000000 1.000000
0.995136 0.017715 0.096903 -0.050500 -0.010375 0.997075 -0.075728 12.654000 -0.097961 0.074355 0.992409 -1.856100 0.000000 0.000000 0.000000 1.000000
0.996457 0.015496 0.082662 -0.050500 -0.008766 0.996663 -0.081157 12.654000 -0.083643 0.080144 0.993268 -1.856100 0.000000 0.000000 0.000000 1.000000
0.997796 0.011568 0.065346 -0.050500 -0.005840 0.996175 -0.087181 12.654000 -0.066104 0.086608 0.994047 -1.856100 0.000000 0.000000 0.000000 1.000000
0.998845 0.006393 0.047617 -0.050500 -0.001910 0.995608 -0.093597 12.654000 -0.048006 0.093398 0.994471 -1.856100 0.000000 0.000000 0.000000 1.000000
0.999446 -0.002806 0.033167 -0.050500 0.006114 0.994961 -0.100079 12.654000 -0.032719 0.100226 0.994427 -1.856100 0.000000 0.000000 0.000000 1.000000
0.999614 -0.013804 0.024124 -0.050500 0.016300 0.994177 -0.106516 12.654000 -0.022513 0.106868 0.994018 -1.856100 0.000000 0.000000 0.000000 1.000000
0.999596 -0.019168 0.020980 -0.050500 0.021414 0.993400 -0.112683 12.654000 -0.018682 0.113087 0.993409 -1.856100 0.000000 0.000000 0.000000 1.000000</float_array><technique_common><accessor source="#mixamorig_Spine2-Matrix-animation-output-transform-array" count="28" stride="16"><param type="float4x4"/></accessor></technique_common></source><source id="mixamorig_Spine2-Interpolations"><Name_array id="mixamorig_Spine2-Interpolations-array" count="28">
 LINEAR LINEAR LINEAR LINEAR LINEAR LINEAR LINEAR LINEAR LINEAR LINEAR LINEAR
LINEAR LINEAR LINEAR LINEAR LINEAR LINEAR LINEAR LINEAR LINEAR LINEAR LINEAR LINEAR
LINEAR LINEAR LINEAR LINEAR LINEAR</Name_array><technique_common><accessor source="#mixamorig_Spine2-Interpolations-array" count="28"><param type="name"/></accessor></technique_common></source><sampler id="mixamorig_Spine2-Matrix-animation-transform"><input semantic="INPUT" source="#mixamorig_Spine2-Matrix-animation-input"/><input semantic="OUTPUT" source="#mixamorig_Spine2-Matrix-animation-output-transform"/><input semantic="INTERPOLATION" source="#mixamorig_Spine2-Interpolations"/></sampler><channel source="#mixamorig_Spine2-Matrix-animation-transform" target="mixamorig_Spine2/matrix"/></animation>
    <animation id="mixamorig_Neck-anim" name="mixamorig_Neck"><source id="mixamorig_Neck-Matrix-animation-input"><float_array id="mixamorig_Neck-Matrix-animation-input-array" count="28">

0.000000 0.033333 0.066667 0.100000 0.133333 0.166667 0.200000 0.233333 0.266667 0.300000 0.333333 0.366667 0.400000 0.433333 0.466667 0.500000
0.533333 0.566667 0.600000 0.633333 0.666667 0.700000 0.733333 0.766667 0.800000 0.833333 0.866667 0.900000</float_array><technique_common><accessor source="#mixamorig_Neck-Matrix-animation-input-array" count="28"><param name="TIME" type="float"/></accessor></technique_common></source><source id="mixamorig_Neck-Matrix-animation-output-transform"><float_array id="mixamorig_Neck-Matrix-animation-output-transform-array" count="448">

0.999651 0.024160 -0.010694 -0.056900 -0.024543 0.999005 -0.037228 14.235800 0.009784 0.037478 0.999250 -2.088100 0.000000 0.000000 0.000000 1.000000
0.999703 0.021673 -0.011113 -0.056900 -0.022052 0.999136 -0.035222 14.235800 0.010340 0.035456 0.999318 -2.088100 0.000000 0.000000 0.000000 1.000000
0.999749 0.019429 -0.011166 -0.056900 -0.019799 0.999226 -0.033980 14.235800 0.010497 0.034192 0.999360 -2.088100 0.000000 0.000000 0.000000 1.000000
0.999780 0.017953 -0.010827 -0.056900 -0.018329 0.999197 -0.035634 14.235800 0.010179 0.035825 0.999306 -2.088100 0.000000 0.000000 0.000000 1.000000
0.999776 0.018747 -0.009820 -0.056900 -0.019115 0.999065 -0.038776 14.235800 0.009084 0.038955 0.999200 -2.088100 0.000000 0.000000 0.000000 1.000000
0.999684 0.023916 -0.007739 -0.056900 -0.024247 0.998644 -0.046076 14.235800 0.006626 0.046249 0.998908 -2.088100 0.000000 0.000000 0.000000 1.000000
0.999515 0.030694 -0.005221 -0.056900 -0.030920 0.998234 -0.050715 14.235800 0.003655 0.050851 0.998700 -2.088100 0.000000 0.000000 0.000000 1.000000
0.999327 0.036575 -0.002846 -0.056900 -0.036670 0.998124 -0.049020 14.235800 0.001047 0.049091 0.998794 -2.088100 0.000000 0.000000 0.000000 1.000000
0.999265 0.038311 -0.001350 -0.056900 -0.038334 0.998380 -0.042039 14.235800 -0.000262 0.042060 0.999115 -2.088100 0.000000 0.000000 0.000000 1.000000
0.999327 0.036685 -0.000520 -0.056900 -0.036685 0.998907 -0.028954 14.235800 -0.000543 0.028953 0.999581 -2.088100 0.000000 0.000000 0.000000 1.000000
0.999389 0.034874 0.002142 -0.056900 -0.034840 0.999290 -0.014331 14.235800 -0.002641 0.014247 0.999895 -2.088100 0.000000 0.000000 0.000000 1.000000
0.999412 0.033669 0.006534 -0.056900 -0.033655 0.999431 -0.002312 14.235800 -0.006608 0.002091 0.999976 -2.088100 0.000000 0.000000 0.000000 1.000000
0.999325 0.035025 0.011114 -0.056900 -0.035109 0.999355 0.007515 14.235800 -0.010843 -0.007900 0.999910 -2.088100 0.000000 0.000000 0.000000 1.000000
0.999180 0.038156 0.013526 -0.056900 -0.038313 0.999200 0.011480 14.235800 -0.013078 -0.011988 0.999843 -2.088100 0.000000 0.000000 0.000000 1.000000
0.999144 0.039333 0.012827 -0.056900 -0.039424 0.999199 0.006911 14.235800 -0.012545 -0.007411 0.999894 -2.088100 0.000000 0.000000 0.000000 1.000000
0.999240 0.037523 0.010579 -0.056900 -0.037524 0.999296 -0.000075 14.235800 -0.010574 -0.000322 0.999944 -2.088100 0.000000 0.000000 0.000000 1.000000
0.999386 0.034149 0.007799 -0.056900 -0.034090 0.999389 -0.007659 14.235800 -0.008056 0.007388 0.999940 -2.088100 0.000000 0.000000 0.000000 1.000000
0.999526 0.030340 0.005183 -0.056900 -0.030258 0.999428 -0.015109 14.235800 -0.005639 0.014945 0.999872 -2.088100 0.000000 0.000000 0.000000 1.000000
0.999625 0.027120 0.003803 -0.056900 -0.027031 0.999399 -0.021687 14.235800 -0.004388 0.021576 0.999758 -2.088100 0.000000 0.000000 0.000000 1.000000
0.999717 0.023372 0.004362 -0.056900 -0.023246 0.999365 -0.027015 14.235800 -0.004991 0.026906 0.999626 -2.088100 0.000000 0.000000 0.000000 1.000000
0.999806 0.019232 0.004267 -0.056900 -0.019089 0.999328 -0.031300 14.235800 -0.004866 0.031212 0.999501 -2.088100 0.000000 0.000000 0.000000 1.000000
0.999836 0.017985 0.002288 -0.056900 -0.017898 0.999265 -0.033897 14.235800 -0.002896 0.033851 0.999423 -2.088100 0.000000 0.000000 0.000000 1.000000
0.999757 0.022034 0.000475 -0.056900 -0.022006 0.999195 -0.033550 14.235800 -0.001214 0.033532 0.999437 -2.088100 0.000000 0.000000 0.000000 1.000000
0.999691 0.024769 -0.002045 -0.056900 -0.024819 0.999241 -0.030037 14.235800 0.001299 0.030079 0.999547 -2.088100 0.000000 0.000000 0.000000 1.000000
0.999661 0.025551 -0.005005 -0.056900 -0.025682 0.999276 -0.028073 14.235800 0.004284 0.028192 0.999593 -2.088100 0.000000 0.000000 0.000000 1.000000
0.999641 0.025663 -0.007721 -0.056900 -0.025884 0.999216 -0.029943 14.235800 0.006947 0.030132 0.999522 -2.088100 0.000000 0.000000 0.000000 1.000000
0.999635 0.025179 -0.009772 -0.056900 -0.025494 0.999111 -0.033577 14.235800 0.008918 0.033814 0.999388 -2.088100 0.000000 0.000000 0.000000 1.000000
0.999650 0.024169 -0.010732 -0.056900 -0.024553 0.999005 -0.037228 14.235800 0.009822 0.037478 0.999249 -2.088100 0.000000 0.000000 0.000000 1.000000</float_array><technique_common><accessor source="#mixamorig_Neck-Matrix-animation-output-transform-array" count="28" stride="16"><param type="float4x4"/></accessor></technique_common></source><source id="mixamorig_Neck-Interpolations"><Name_array id="mixamorig_Neck-Interpolations-array" count="28">
 LINEAR LINEAR LINEAR LINEAR LINEAR LINEAR LINEAR LINEAR LINEAR LINEAR LINEAR
LINEAR LINEAR LINEAR LINEAR LINEAR LINEAR LINEAR LINEAR LINEAR LINEAR LINEAR LINEAR
LINEAR LINEAR LINEAR LINEAR LINEAR</Name_array><technique_common><accessor source="#mixamorig_Neck-Interpolations-array" count="28"><param type="name"/></accessor></technique_common></source><sampler id="mixamorig_Neck-Matrix-animation-transform"><input semantic="INPUT" source="#mixamorig_Neck-Matrix-animation-input"/><input semantic="OUTPUT" source="#mixamorig_Neck-Matrix-animation-output-transform"/><input semantic="INTERPOLATION" source="#mixamorig_Neck-Interpolations"/></sampler><channel source="#mixamorig_Neck-Matrix-animation-transform" target="mixamorig_Neck/matrix"/></animation>
    <animation id="mixamorig_Head-anim" name="mixamorig_Head"><source id="mixamorig_Head-Matrix-animation-input"><float_array id="mixamorig_Head-Matrix-animation-input-array" count="28">

0.000000 0.033333 0.066667 0.100000 0.133333 0.166667 0.200000 0.233333 0.266667 0.300000 0.333333 0.366667 0.400000 0.433333 0.466667 0.500000
0.533333 0.566667 0.600000 0.633333 0.666667 0.700000 0.733333 0.766667 0.800000 0.833333 0.866667 0.900000</float_array><technique_common><accessor source="#mixamorig_Head-Matrix-animation-input-array" count="28"><param name="TIME" type="float"/></accessor></technique_common></source><source id="mixamorig_Head-Matrix-animation-output-transform"><float_array id="mixamorig_Head-Matrix-animation-output-transform-array" count="448">

0.998866 -0.002213 -0.047551 0.000000 0.005228 0.997976 0.063380 3.280200 0.047314 -0.063557 0.996856 0.313300 0.000000 0.000000 0.000000 1.000000
0.999366 0.001636 -0.035578 -0.000000 0.001931 0.994985 0.100001 3.280200 0.035563 -0.100006 0.994351 0.313300 0.000000 0.000000 0.000000 1.000000
0.999859 0.016014 -0.005099 -0.000000 -0.015232 0.991697 0.127694 3.280200 0.007102 -0.127598 0.991800 0.313300 0.000000 0.000000 0.000000 1.000000
0.998524 0.040255 0.036470 0.000000 -0.045024 0.988967 0.141129 3.280200 -0.030387 -0.142563 0.989319 0.313300 0.000000 0.000000 0.000000 1.000000
0.993637 0.077311 0.081904 -0.000000 -0.087979 0.986814 0.135860 3.280200 -0.070320 -0.142201 0.987337 0.313300 0.000000 0.000000 0.000000 1.000000
0.984305 0.121178 0.128298 -0.000000 -0.137199 0.982697 0.124427 3.280200 -0.111000 -0.140077 0.983899 0.313300 0.000000 0.000000 0.000000 1.000000
0.970720 0.164668 0.174890 -0.000000 -0.184762 0.977102 0.105520 3.280200 -0.153509 -0.134744 0.978917 0.313300 0.000000 0.000000 0.000000 1.000000
0.954346 0.204592 0.217635 0.000000 -0.227895 0.969726 0.087728 3.280200 -0.193098 -0.133321 0.972080 0.313300 0.000000 0.000000 0.000000 1.000000
0.936040 0.245748 0.251869 0.000000 -0.274008 0.958095 0.083508 3.280200 -0.220793 -0.147181 0.964152 0.313300 0.000000 0.000000 0.000000 1.000000
0.917139 0.283709 0.279937 0.000000 -0.317368 0.944723 0.082318 3.280200 -0.241109 -0.164340 0.956483 0.313300 0.000000 0.000000 0.000000 1.000000
0.900010 0.312342 0.304015 -0.000000 -0.352144 0.932089 0.084875 3.280200 -0.256859 -0.183445 0.948879 0.313300 0.000000 0.000000 0.000000 1.000000
0.889507 0.325158 0.321012 0.000000 -0.372788 0.922688 0.098371 3.280200 -0.264208 -0.207171 0.941952 0.313300 0.000000 0.000000 0.000000 1.000000
0.884027 0.332706 0.328334 0.000000 -0.386021 0.915737 0.111416 3.280200 -0.263599 -0.225239 0.937967 0.313300 0.000000 0.000000 0.000000 1.000000
0.884827 0.338635 0.320012 -0.000000 -0.394373 0.910077 0.127397 3.280200 -0.248094 -0.238929 0.938809 0.313300 0.000000 0.000000 0.000000 1.000000
0.890785 0.342354 0.298825 0.000000 -0.394775 0.908694 0.135748 3.280200 -0.225066 -0.238890 0.944604 0.313300 0.000000 0.000000 0.000000 1.000000
0.901733 0.335425 0.272704 -0.000000 -0.380698 0.915035 0.133339 3.280200 -0.204808 -0.224054 0.952813 0.313300 0.000000 0.000000 0.000000 1.000000
0.918568 0.318460 0.234127 0.000000 -0.354556 0.925678 0.131948 3.280200 -0.174706 -0.204215 0.963210 0.313300 0.000000 0.000000 0.000000 1.000000
0.937451 0.294484 0.185647 -0.000000 -0.319331 0.939788 0.121761 3.280200 -0.138612 -0.173428 0.975043 0.313300 0.000000 0.000000 0.000000 1.000000
0.952424 0.268936 0.143392 -0.000000 -0.285763 0.951572 0.113361 3.280200 -0.105961 -0.148944 0.983152 0.313300 0.000000 0.000000 0.000000 1.000000
0.964033 0.242150 0.109562 0.000000 -0.253420 0.961719 0.104280 3.280200 -0.080116 -0.128295 0.988495 0.313300 0.000000 0.000000 0.000000 1.000000
0.975400 0.208950 0.070241 0.000000 -0.214196 0.973672 0.077991 3.280200 -0.052095 -0.091118 0.994477 0.313300 0.000000 0.000000 0.000000 1.000000
0.984788 0.172593 0.020091 0.000000 -0.173295 0.984012 0.041106 3.280200 -0.012675 -0.043963 0.998953 0.313300 0.000000 0.000000 0.000000 1.000000
0.991765 0.124778 -0.028856 0.000000 -0.124204 0.992036 0.020917 3.280200 0.031237 -0.017161 0.999365 0.313300 0.000000 0.000000 0.000000 1.000000
0.993802 0.083030 -0.073915 0.000000 -0.081958 0.996484 0.017416 3.280200 0.075101 -0.011250 0.997112 0.313300 0.000000 0.000000 0.000000 1.000000
0.993698 0.057603 -0.096159 0.000000 -0.054906 0.998027 0.030457 3.280200 0.097723 -0.024985 0.994900 0.313300 0.000000 0.000000 0.000000 1.000000
0.995747 0.033288 -0.085910 0.000000 -0.029416 0.998510 0.045953 3.280200 0.087311 -0.043230 0.995243 0.313300 0.000000 0.000000 0.000000 1.000000
0.998074 0.009345 -0.061323 -0.000000 -0.005714 0.998234 0.059130 3.280200 0.061767 -0.058666 0.996365 0.313300 0.000000 0.000000 0.000000 1.000000
0.998865 -0.002201 -0.047588 -0.000000 0.005218 0.997976 0.063381 3.280200 0.047352 -0.063558 0.996854 0.313300 0.000000 0.000000 0.000000 1.000000</float_array><technique_common><accessor source="#mixamorig_Head-Matrix-animation-output-transform-array" count="28" stride="16"><param type="float4x4"/></accessor></technique_common></source><source id="mixamorig_Head-Interpolations"><Name_array id="mixamorig_Head-Interpolations-array" count="28">
 LINEAR LINEAR LINEAR LINEAR LINEAR LINEAR LINEAR LINEAR LINEAR LINEAR LINEAR
LINEAR LINEAR LINEAR LINEAR LINEAR LINEAR LINEAR LINEAR LINEAR LINEAR LINEAR LINEAR
LINEAR LINEAR LINEAR LINEAR LINEAR</Name_array><technique_common><accessor source="#mixamorig_Head-Interpolations-array" count="28"><param type="name"/></accessor></technique_common></source><sampler id="mixamorig_Head-Matrix-animation-transform"><input semantic="INPUT" source="#mixamorig_Head-Matrix-animation-input"/><input semantic="OUTPUT" source="#mixamorig_Head-Matrix-animation-output-transform"/><input semantic="INTERPOLATION" source="#mixamorig_Head-Interpolations"/></sampler><channel source="#mixamorig_Head-Matrix-animation-transform" target="mixamorig_Head/matrix"/></animation>
    <animation id="mixamorig_LeftShoulder-anim" name="mixamorig_LeftShoulder"><source id="mixamorig_LeftShoulder-Matrix-animation-input"><float_array id="mixamorig_LeftShoulder-Matrix-animation-input-array" count="28">

0.000000 0.033333 0.066667 0.100000 0.133333 0.166667 0.200000 0.233333 0.266667 0.300000 0.333333 0.366667 0.400000 0.433333 0.466667 0.500000
0.533333 0.566667 0.600000 0.633333 0.666667 0.700000 0.733333 0.766667 0.800000 0.833333 0.866667 0.900000</float_array><technique_common><accessor source="#mixamorig_LeftShoulder-Matrix-animation-input-array" count="28"><param name="TIME" type="float"/></accessor></technique_common></source><source id="mixamorig_LeftShoulder-Matrix-animation-output-transform"><float_array id="mixamorig_LeftShoulder-Matrix-animation-output-transform-array" count="448">

0.951726 0.254105 -0.172188 6.728800 -0.262842 0.964384 -0.029615 11.756600 0.158530 0.073443 0.984619 -2.058500 0.000000 0.000000 0.000000 1.000000
0.958891 0.229302 -0.167180 6.728800 -0.239101 0.970138 -0.040776 11.756600 0.152838 0.079073 0.985083 -2.058500 0.000000 0.000000 0.000000 1.000000
0.970995 0.176419 -0.161386 6.728800 -0.188355 0.980154 -0.061802 11.756600 0.147280 0.090407 0.984954 -2.058500 0.000000 0.000000 0.000000 1.000000
0.979515 0.129310 -0.154364 6.728800 -0.142952 0.986428 -0.080776 11.756600 0.141824 0.101188 0.984707 -2.058500 0.000000 0.000000 0.000000 1.000000
0.984192 0.099791 -0.146313 6.728800 -0.114067 0.989143 -0.092654 11.756600 0.135478 0.107878 0.984890 -2.058500 0.000000 0.000000 0.000000 1.000000
0.987907 0.075884 -0.135208 6.728800 -0.089890 0.990849 -0.100689 11.756600 0.126330 0.111626 0.985688 -2.058500 0.000000 0.000000 0.000000 1.000000
0.990304 0.057910 -0.126272 6.728800 -0.071553 0.991752 -0.106335 11.756600 0.119073 0.114339 0.986280 -2.058500 0.000000 0.000000 0.000000 1.000000
0.991938 0.047549 -0.117469 6.728800 -0.060652 0.992012 -0.110607 11.756600 0.111272 0.116840 0.986898 -2.058500 0.000000 0.000000 0.000000 1.000000
0.992012 0.058547 -0.111734 6.728800 -0.070930 0.991367 -0.110275 11.756600 0.104313 0.117320 0.987601 -2.058500 0.000000 0.000000 0.000000 1.000000
0.990951 0.082152 -0.106150 6.728800 -0.093730 0.989599 -0.109127 11.756600 0.096081 0.118089 0.988344 -2.058500 0.000000 0.000000 0.000000 1.000000
0.989874 0.102155 -0.098556 6.728800 -0.112703 0.987724 -0.108166 11.756600 0.086296 0.118178 0.989235 -2.058500 0.000000 0.000000 0.000000 1.000000
0.990545 0.103769 -0.089741 6.728800 -0.113240 0.987698 -0.107839 11.756600 0.077447 0.116982 0.990110 -2.058500 0.000000 0.000000 0.000000 1.000000
0.992384 0.094022 -0.079584 6.728800 -0.102332 0.988899 -0.107734 11.756600 0.068571 0.115058 0.990989 -2.058500 0.000000 0.000000 0.000000 1.000000
0.994387 0.079452 -0.069874 6.728800 -0.086697 0.990404 -0.107624 11.756600 0.060653 0.113078 0.991733 -2.058500 0.000000 0.000000 0.000000 1.000000
0.996937 0.048321 -0.061491 6.728800 -0.054755 0.992679 -0.107662 11.756600 0.055838 0.110699 0.992284 -2.058500 0.000000 0.000000 0.000000 1.000000
0.998110 -0.000034 -0.061455 6.728800 -0.006636 0.994093 -0.108328 11.756600 0.061096 0.108531 0.992214 -2.058500 0.000000 0.000000 0.000000 1.000000
0.996089 -0.049003 -0.073521 6.728800 0.040709 0.993059 -0.110350 11.756600 0.078418 0.106926 0.991170 -2.058500 0.000000 0.000000 0.000000 1.000000
