<?xml version="1.0" encoding="utf-8"?>
<COLLADA xmlns="http://www.collada.org/2005/11/COLLADASchema" version="1.4.1">
  <asset><contributor><author>Mixamo</author><authoring_tool>COLLADA Mixamo exporter</authoring_tool><comments></comments></contributor><created>2018-10-13T13:41:59Z</created><modified>2018-10-13T13:41:59Z</modified><revision></revision><title></title><unit meter="0.010000"/><up_axis>Y_UP</up_axis></asset>
  <library_animations>
    <animation id="mixamorig_Hips-anim" name="mixamorig_Hips"><source id="mixamorig_Hips-Matrix-animation-input"><float_array id="mixamorig_Hips-Matrix-animation-input-array" count="61">

0.000000 0.033333 0.066667 0.100000 0.133333 0.166667 0.200000 0.233333 0.266667 0.300000 0.333333 0.366667 0.400000 0.433333 0.466667 0.500000
0.533333 0.566667 0.600000 0.633333 0.666667 0.700000 0.733333 0.766667 0.800000 0.833333 0.866667 0.900000 0.933333 0.966667 1.000000 1.033333
1.066667 1.100000 1.133333 1.166667 1.200000 1.233333 1.266667 1.300000 1.333333 1.366667 1.400000 1.433333 1.466667 1.500000 1.533333 1.566667
1.600000 1.633333 1.666667 1.700000 1.733333 1.766667 1.800000 1.833333 1.866667 1.900000 1.933333 1.966667 2.000000</float_array><technique_common><accessor source="#mixamorig_Hips-Matrix-animation-input-array" count="61"><param name="TIME" type="float"/></accessor></technique_common></source><source id="mixamorig_Hips-Matrix-animation-output-transform"><float_array id="mixamorig_Hips-Matrix-animation-output-transform-array" count="976">

0.976656 -0.044347 0.210180 0.404535 0.133611 0.891563 -0.432740 98.274094 -0.168198 0.450720 0.876676 1.852789 0.000000 0.000000 0.000000 1.000000
0.973177 -0.050857 0.224366 0.497904 0.145159 0.892357 -0.427349 100.351669 -0.178481 0.448455 0.875804 5.031974 0.000000 0.000000 0.000000 1.000000
0.966568 -0.053626 0.250741 0.817259 0.157110 0.896680 -0.413861 101.978745 -0.202640 0.439419 0.875127 8.663410 0.000000 0.000000 0.000000 1.000000
0.959425 -0.051830 0.277158 1.165628 0.162440 0.905051 -0.393059 102.745056 -0.230470 0.422132 0.876749 12.261993 0.000000 0.000000 0.000000 1.000000
0.952110 -0.047633 0.302023 1.543623 0.162798 0.915106 -0.368888 102.427345 -0.258812 0.400390 0.879036 15.845463 0.000000 0.000000 0.000000 1.000000
0.944450 -0.042659 0.325875 1.931722 0.160321 0.925364 -0.343508 101.142082 -0.286900 0.376671 0.880799 19.413424 0.000000 0.000000 0.000000 1.000000
0.936829 -0.036083 0.347921 2.336554 0.153951 0.935679 -0.317497 99.296150 -0.314086 0.351003 0.882126 22.961533 0.000000 0.000000 0.000000 1.000000
0.929532 -0.027379 0.367725 2.757123 0.143106 0.945862 -0.291317 97.661240 -0.339841 0.323412 0.883127 26.495773 0.000000 0.000000 0.000000 1.000000
0.923229 -0.015280 0.383946 3.189284 0.126387 0.955687 -0.265873 97.089668 -0.362870 0.293987 0.884249 30.027088 0.000000 0.000000 0.000000 1.000000
0.916824 0.001812 0.399289 3.647624 0.102388 0.965488 -0.239479 98.001221 -0.385942 0.260443 0.884996 33.574844 0.000000 0.000000 0.000000 1.000000
0.909928 0.019732 0.414297 4.102321 0.076066 0.973987 -0.213454 99.688019 -0.407732 0.225742 0.884757 37.141388 0.000000 0.000000 0.000000 1.000000
0.903505 0.030812 0.427469 4.482803 0.056776 0.980016 -0.190642 101.327911 -0.424801 0.196516 0.883700 40.661560 0.000000 0.000000 0.000000 1.000000
0.899456 0.040225 0.435156 4.849837 0.040198 0.983918 -0.174041 102.725029 -0.435159 0.174035 0.883373 44.243484 0.000000 0.000000 0.000000 1.000000
0.898943 0.046074 0.435636 5.203188 0.029859 0.985696 -0.165865 103.628067 -0.437047 0.162111 0.884709 47.920769 0.000000 0.000000 0.000000 1.000000
0.902018 0.051785 0.428581 5.568140 0.021579 0.986129 -0.164570 103.962769 -0.431159 0.157694 0.888389 51.709877 0.000000 0.000000 0.000000 1.000000
0.907532 0.058983 0.415820 5.949512 0.013123 0.985623 -0.168448 103.839622 -0.419777 0.158328 0.893711 55.565300 0.000000 0.000000 0.000000 1.000000
0.914221 0.066331 0.399750 6.336031 0.005581 0.984357 -0.176098 103.165100 -0.405177 0.163223 0.899550 59.441742 0.000000 0.000000 0.000000 1.000000
0.920710 0.075069 0.382960 6.839736 -0.002657 0.982507 -0.186207 102.028984 -0.390239 0.170425 0.904803 63.173656 0.000000 0.000000 0.000000 1.000000
0.926345 0.084439 0.367089 7.476139 -0.011108 0.980250 -0.197450 100.725891 -0.376511 0.178829 0.908988 66.942871 0.000000 0.000000 0.000000 1.000000
0.930347 0.093158 0.354650 8.193728 -0.017234 0.977230 -0.211483 99.300400 -0.366276 0.190640 0.910768 70.940002 0.000000 0.000000 0.000000 1.000000
0.932590 0.096225 0.347875 8.661673 -0.015037 0.973329 -0.228919 97.696167 -0.360625 0.208256 0.909164 75.615646 0.000000 0.000000 0.000000 1.000000
0.933924 0.097061 0.344042 8.739223 -0.009547 0.968862 -0.247418 96.085297 -0.357344 0.227785 0.905770 80.750732 0.000000 0.000000 0.000000 1.000000
0.934834 0.101539 0.340257 8.503936 -0.009255 0.964884 -0.262512 94.529991 -0.354964 0.242256 0.902947 86.020607 0.000000 0.000000 0.000000 1.000000
0.934133 0.099018 0.342915 7.790481 0.000439 0.960429 -0.278523 92.716858 -0.356924 0.260328 0.897126 91.278275 0.000000 0.000000 0.000000 1.000000
0.932468 0.095577 0.348379 6.867609 0.012223 0.955467 -0.294845 91.147400 -0.361045 0.279192 0.889774 96.061447 0.000000 0.000000 0.000000 1.000000
0.930526 0.094609 0.353794 6.028463 0.021620 0.950179 -0.310953 90.204735 -0.365587 0.296999 0.882121 100.153313 0.000000 0.000000 0.000000 1.000000
0.927682 0.095092 0.361060 5.824576 0.030128 0.944806 -0.326243 90.129471 -0.372155 0.313528 0.873614 103.893890 0.000000 0.000000 0.000000 1.000000
0.923593 0.097201 0.370848 6.006207 0.037686 0.939621 -0.340136 91.122948 -0.381518 0.328123 0.864164 107.032761 0.000000 0.000000 0.000000 1.000000
0.918953 0.102158 0.380906 6.339811 0.042058 0.934970 -0.352224 93.454185 -0.392118 0.339698 0.854897 109.532532 0.000000 0.000000 0.000000 1.000000
0.912552 0.108757 0.394234 6.685957 0.045381 0.931108 -0.361910 96.552986 -0.406435 0.348153 0.844749 112.172302 0.000000 0.000000 0.000000 1.000000
0.902140 0.116984 0.415281 7.568192 0.049269 0.928308 -0.368533 99.094604 -0.428621 0.352929 0.831700 114.490547 0.000000 0.000000 0.000000 1.000000
0.888664 0.125452 0.441064 8.088354 0.051967 0.928101 -0.368683 101.156960 -0.455604 0.350557 0.818251 117.693962 0.000000 0.000000 0.000000 1.000000
0.872275 0.135020 0.470007 8.613384 0.052408 0.929781 -0.364363 102.231750 -0.486200 0.342457 0.803948 120.573128 0.000000 0.000000 0.000000 1.000000
0.853513 0.144987 0.500494 8.924273 0.050868 0.932737 -0.356951 102.261703 -0.518582 0.330121 0.788728 123.422127 0.000000 0.000000 0.000000 1.000000
0.833511 0.155591 0.530142 9.159444 0.046814 0.936189 -0.348365 100.938751 -0.550516 0.315184 0.773040 126.201790 0.000000 0.000000 0.000000 1.000000
0.813192 0.165803 0.557878 9.426634 0.041055 0.939831 -0.339165 98.679977 -0.580545 0.298710 0.757456 129.028442 0.000000 0.000000 0.000000 1.000000
0.794196 0.176786 0.581377 9.976233 0.030613 0.943889 -0.328840 96.703499 -0.606890 0.278961 0.744222 131.927261 0.000000 0.000000 0.000000 1.000000
0.775715 0.186152 0.603003 10.897943 0.019180 0.948110 -0.317363 96.381714 -0.630791 0.257749 0.731893 135.435455 0.000000 0.000000 0.000000 1.000000
0.755531 0.193666 0.625833 12.578451 0.008822 0.952210 -0.305315 97.195282 -0.655054 0.236196 0.717716 140.269867 0.000000 0.000000 0.000000 1.000000
0.732649 0.200942 0.650267 14.920942 -0.000515 0.955587 -0.294710 98.435661 -0.680606 0.215584 0.700213 145.479828 0.000000 0.000000 0.000000 1.000000
0.710008 0.207197 0.673022 17.123461 -0.009658 0.958509 -0.284899 99.667908 -0.704128 0.195781 0.682550 150.087158 0.000000 0.000000 0.000000 1.000000
0.691616 0.211503 0.690604 19.251400 -0.018631 0.961070 -0.275678 100.663666 -0.722025 0.177797 0.668631 154.163376 0.000000 0.000000 0.000000 1.000000
0.679627 0.213341 0.701850 21.116249 -0.026156 0.963214 -0.267460 101.183777 -0.733092 0.163415 0.660206 157.564194 0.000000 0.000000 0.000000 1.000000
0.680764 0.211268 0.701374 22.656954 -0.030284 0.964803 -0.261224 101.257156 -0.731876 0.156591 0.663202 160.800476 0.000000 0.000000 0.000000 1.000000
0.696092 0.202927 0.688677 24.373142 -0.026335 0.965795 -0.257965 101.085503 -0.717469 0.161431 0.677627 163.586349 0.000000 0.000000 0.000000 1.000000
0.715506 0.191910 0.671731 25.751694 -0.017781 0.966220 -0.257104 100.582642 -0.698381 0.172016 0.694748 167.577728 0.000000 0.000000 0.000000 1.000000
0.736325 0.180086 0.652223 27.364273 -0.007505 0.966045 -0.258263 99.177246 -0.676587 0.185271 0.712675 171.817902 0.000000 0.000000 0.000000 1.000000
0.758117 0.167879 0.630139 29.006058 0.003657 0.965186 -0.261540 97.346970 -0.652109 0.200582 0.731110 176.082703 0.000000 0.000000 0.000000 1.000000
0.781007 0.155522 0.604848 30.623487 0.014719 0.963644 -0.266784 95.410339 -0.624349 0.217263 0.750323 180.245438 0.000000 0.000000 0.000000 1.000000
0.804782 0.144084 0.575818 32.192543 0.025009 0.960999 -0.275420 93.737152 -0.593044 0.236053 0.769791 184.187805 0.000000 0.000000 0.000000 1.000000
0.829449 0.132431 0.542657 33.687477 0.035324 0.957109 -0.287567 92.610756 -0.557465 0.257691 0.789194 187.836838 0.000000 0.000000 0.000000 1.000000
0.853925 0.118576 0.506706 35.067661 0.046725 0.952292 -0.301592 92.165901 -0.518294 0.281213 0.807645 191.261230 0.000000 0.000000 0.000000 1.000000
0.876898 0.100192 0.470120 36.358128 0.061803 0.946417 -0.316979 92.047867 -0.476688 0.307013 0.823718 194.755722 0.000000 0.000000 0.000000 1.000000
0.897666 0.079015 0.433535 37.612259 0.078257 0.939574 -0.333282 91.733894 -0.433673 0.333103 0.837240 198.273682 0.000000 0.000000 0.000000 1.000000
0.916671 0.062415 0.394739 38.857811 0.087395 0.932515 -0.350398 91.194359 -0.389970 0.355698 0.849354 201.426437 0.000000 0.000000 0.000000 1.000000
0.933582 0.044675 0.355569 40.142593 0.095788 0.924990 -0.367720 91.383102 -0.345326 0.377356 0.859274 204.583878 0.000000 0.000000 0.000000 1.000000
0.948029 0.026000 0.317119 41.378159 0.103551 0.917187 -0.384765 92.590080 -0.300862 0.397607 0.866828 207.731293 0.000000 0.000000 0.000000 1.000000
0.959656 0.006504 0.281102 42.568352 0.111289 0.909307 -0.400969 94.335327 -0.258215 0.416076 0.871898 210.876984 0.000000 0.000000 0.000000 1.000000
0.968462 -0.013157 0.248812 43.750107 0.119079 0.901619 -0.415817 95.848328 -0.218863 0.432331 0.874751 214.020355 0.000000 0.000000 0.000000 1.000000
0.974833 -0.032079 0.220614 45.128067 0.126503 0.894440 -0.428922 97.104385 -0.183567 0.446036 0.875988 217.270081 0.000000 0.000000 0.000000 1.000000
0.976656 -0.044348 0.210180 46.890690 0.133611 0.891563 -0.432740 98.274071 -0.168198 0.450720 0.876676 220.411270 0.000000 0.000000 0.000000 1.000000</float_array><technique_common><accessor source="#mixamorig_Hips-Matrix-animation-output-transform-array" count="61" stride="16"><param type="float4x4"/></accessor></technique_common></source><source id="mixamorig_Hips-Interpolations"><Name_array id="mixamorig_Hips-Interpolations-array" count="61">
 LINEAR LINEAR LINEAR LINEAR LINEAR LINEAR LINEAR LINEAR LINEAR LINEAR LINEAR
LINEAR LINEAR LINEAR LINEAR LINEAR LINEAR LINEAR LINEAR LINEAR LINEAR LINEAR LINEAR
LINEAR LINEAR LINEAR LINEAR LINEAR LINEAR LINEAR LINEAR LINEAR LINEAR LINEAR LINEAR
LINEAR LINEAR LINEAR LINEAR LINEAR LINEAR LINEAR LINEAR LINEAR LINEAR LINEAR LINEAR
LINEAR LINEAR LINEAR LINEAR LINEAR LINEAR LINEAR LINEAR LINEAR LINEAR LINEAR LINEAR
LINEAR LINEAR</Name_array><technique_common><accessor source="#mixamorig_Hips-Interpolations-array" count="61"><param type="name"/></accessor></technique_common></source><sampler id="mixamorig_Hips-Matrix-animation-transform"><input semantic="INPUT" source="#mixamorig_Hips-Matrix-animation-input"/><input semantic="OUTPUT" source="#mixamorig_Hips-Matrix-animation-output-transform"/><input semantic="INTERPOLATION" source="#mixamorig_Hips-Interpolations"/></sampler><channel source="#mixamorig_Hips-Matrix-animation-transform" target="mixamorig_Hips/matrix"/></animation>
    <animation id="mixamorig_Spine-anim" name="mixamorig_Spine"><source id="mixamorig_Spine-Matrix-animation-input"><float_array id="mixamorig_Spine-Matrix-animation-input-array" count="61">

0.000000 0.033333 0.066667 0.100000 0.133333 0.166667 0.200000 0.233333 0.266667 0.300000 0.333333 0.366667 0.400000 0.433333 0.466667 0.500000
0.533333 0.566667 0.600000 0.633333 0.666667 0.700000 0.733333 0.766667 0.800000 0.833333 0.866667 0.900000 0.933333 0.966667 1.000000 1.033333
1.066667 1.100000 1.133333 1.166667 1.200000 1.233333 1.266667 1.300000 1.333333 1.366667 1.400000 1.433333 1.466667 1.500000 1.533333 1.566667
1.600000 1.633333 1.666667 1.700000 1.733333 1.766667 1.800000 1.833333 1.866667 1.900000 1.933333 1.966667 2.000000</float_array><technique_common><accessor source="#mixamorig_Spine-Matrix-animation-input-array" count="61"><param name="TIME" type="float"/></accessor></technique_common></source><source id="mixamorig_Spine-Matrix-animation-output-transform"><float_array id="mixamorig_Spine-Matrix-animation-output-transform-array" count="976">

0.999443 -0.005220 -0.032965 -0.038100 -0.001305 0.980823 -0.194899 9.490500 0.033351 0.194833 0.980269 -1.392100 0.000000 0.000000 0.000000 1.000000
0.999884 -0.008030 -0.012977 -0.038100 0.005540 0.983352 -0.181627 9.490500 0.014220 0.181534 0.983282 -1.392100 0.000000 0.000000 0.000000 1.000000
0.999771 -0.015820 0.014422 -0.038100 0.018082 0.984697 -0.173334 9.490500 -0.011460 0.173555 0.984758 -1.392100 0.000000 0.000000 0.000000 1.000000
0.998648 -0.026892 0.044478 -0.038100 0.034495 0.983038 -0.180130 9.490500 -0.038880 0.181421 0.982637 -1.392100 0.000000 0.000000 0.000000 1.000000
0.996529 -0.040000 0.073000 -0.038100 0.053311 0.980207 -0.190660 9.490500 -0.063928 0.193890 0.978938 -1.392100 0.000000 0.000000 0.000000 1.000000
0.993581 -0.052855 0.100016 -0.038100 0.071538 0.978470 -0.193593 9.490500 -0.087630 0.199506 0.975971 -1.392100 0.000000 0.000000 0.000000 1.000000
0.989332 -0.064455 0.130645 -0.038100 0.088777 0.977785 -0.189882 9.490500 -0.115504 0.199455 0.973076 -1.392100 0.000000 0.000000 0.000000 1.000000
0.984413 -0.077122 0.158060 -0.038100 0.105175 0.978463 -0.177619 9.490500 -0.140958 0.191474 0.971323 -1.392100 0.000000 0.000000 0.000000 1.000000
0.981917 -0.081538 0.170855 -0.038100 0.109671 0.980629 -0.162295 9.490500 -0.154312 0.178098 0.971838 -1.392100 0.000000 0.000000 0.000000 1.000000
0.983186 -0.075754 0.166153 -0.038100 0.099917 0.984774 -0.142258 9.490500 -0.152847 0.156468 0.975785 -1.392100 0.000000 0.000000 0.000000 1.000000
0.986328 -0.070467 0.148971 -0.038100 0.089362 0.988224 -0.124211 9.490500 -0.138464 0.135825 0.981009 -1.392100 0.000000 0.000000 0.000000 1.000000
0.990682 -0.058760 0.122865 -0.038100 0.071857 0.991868 -0.105041 9.490500 -0.115693 0.112891 0.986849 -1.392100 0.000000 0.000000 0.000000 1.000000
0.994410 -0.047216 0.094447 -0.038100 0.056093 0.994023 -0.093662 9.490500 -0.089460 0.098436 0.991114 -1.392100 0.000000 0.000000 0.000000 1.000000
0.997156 -0.033947 0.067281 -0.038100 0.040003 0.995064 -0.090814 9.490500 -0.063866 0.093247 0.993592 -1.392100 0.000000 0.000000 0.000000 1.000000
0.998988 -0.024184 0.037911 -0.038100 0.027579 0.995399 -0.091757 9.490500 -0.035518 0.092710 0.995060 -1.392100 0.000000 0.000000 0.000000 1.000000
0.999806 -0.017092 0.009741 -0.038100 0.017966 0.995011 -0.098136 9.490500 -0.008015 0.098292 0.995125 -1.392100 0.000000 0.000000 0.000000 1.000000
0.999880 -0.011033 -0.010854 -0.038100 0.009775 0.993900 -0.109855 9.490500 0.011999 0.109736 0.993888 -1.392100 0.000000 0.000000 0.000000 1.000000
0.999520 -0.008231 -0.029858 -0.038100 0.004548 0.992598 -0.121357 9.490500 0.030636 0.121163 0.992160 -1.392100 0.000000 0.000000 0.000000 1.000000
0.998624 -0.007923 -0.051837 -0.038100 0.001079 0.991416 -0.130738 9.490500 0.052428 0.130503 0.990061 -1.392100 0.000000 0.000000 0.000000 1.000000
0.997205 -0.010208 -0.074012 -0.038100 -0.000352 0.989970 -0.141277 9.490500 0.074712 0.140908 0.987200 -1.392100 0.000000 0.000000 0.000000 1.000000
0.995196 -0.012992 -0.097033 -0.038100 -0.001989 0.988268 -0.152714 9.490500 0.097878 0.152174 0.983495 -1.392100 0.000000 0.000000 0.000000 1.000000
0.992643 -0.018666 -0.119629 -0.038100 -0.001265 0.986393 -0.164398 9.490500 0.121070 0.163340 0.979113 -1.392100 0.000000 0.000000 0.000000 1.000000
0.990820 -0.028563 -0.132139 -0.038100 0.004820 0.984268 -0.176617 9.490500 0.135105 0.174359 0.975369 -1.392100 0.000000 0.000000 0.000000 1.000000
0.988853 -0.044573 -0.142064 -0.038100 0.017065 0.981780 -0.189256 9.490500 0.147911 0.184722 0.971597 -1.392100 0.000000 0.000000 0.000000 1.000000
0.987738 -0.059842 -0.144194 -0.038100 0.030031 0.979201 -0.200658 9.490500 0.153203 0.193868 0.968991 -1.392100 0.000000 0.000000 0.000000 1.000000
0.989102 -0.066389 -0.131418 -0.038100 0.037931 0.977341 -0.208244 9.490500 0.142265 0.200989 0.969208 -1.392100 0.000000 0.000000 0.000000 1.000000
0.992070 -0.064821 -0.107683 -0.038100 0.040778 0.976403 -0.212070 9.490500 0.118889 0.205997 0.971303 -1.392100 0.000000 0.000000 0.000000 1.000000
0.995082 -0.050726 -0.085084 -0.038100 0.031691 0.976815 -0.211728 9.490500 0.093851 0.207990 0.973618 -1.392100 0.000000 0.000000 0.000000 1.000000
0.997213 -0.042519 -0.061310 -0.038100 0.028912 0.977741 -0.207815 9.490500 0.068782 0.205463 0.976245 -1.392100 0.000000 0.000000 0.000000 1.000000
0.998533 -0.038903 -0.037665 -0.038100 0.030529 0.978954 -0.201786 9.490500 0.044723 0.200340 0.978705 -1.392100 0.000000 0.000000 0.000000 1.000000
0.999185 -0.036648 -0.016906 -0.038100 0.032665 0.980344 -0.194572 9.490500 0.023704 0.193861 0.980743 -1.392100 0.000000 0.000000 0.000000 1.000000
0.999346 -0.036141 0.001219 -0.038100 0.035736 0.981836 -0.186334 9.490500 0.005537 0.186255 0.982486 -1.392100 0.000000 0.000000 0.000000 1.000000
0.999138 -0.036343 0.020048 -0.038100 0.039324 0.983413 -0.177064 9.490500 -0.013280 0.177699 0.983995 -1.392100 0.000000 0.000000 0.000000 1.000000
0.998567 -0.038917 0.036742 -0.038100 0.044530 0.984953 -0.166985 9.490500 -0.029690 0.168381 0.985275 -1.392100 0.000000 0.000000 0.000000 1.000000
0.997311 -0.048979 0.054516 -0.038100 0.056945 0.986155 -0.155741 9.490500 -0.046133 0.158427 0.986292 -1.392100 0.000000 0.000000 0.000000 1.000000
0.995403 -0.061925 0.073067 -0.038100 0.071934 0.987041 -0.143444 9.490500 -0.063237 0.148041 0.986957 -1.392100 0.000000 0.000000 0.000000 1.000000
0.993961 -0.063532 0.089477 -0.038100 0.075027 0.988459 -0.131602 9.490500 -0.080084 0.137521 0.987256 -1.392100 0.000000 0.000000 0.000000 1.000000
0.993626 -0.051625 0.100212 -0.038100 0.063219 0.991211 -0.116205 9.490500 -0.093332 0.121799 0.988157 -1.392100 0.000000 0.000000 0.000000 1.000000
0.994736 -0.025669 0.099205 -0.038100 0.035685 0.994293 -0.100540 9.490500 -0.096058 0.103551 0.989975 -1.392100 0.000000 0.000000 0.000000 1.000000
0.996511 0.003469 0.083393 -0.038100 0.003739 0.996278 -0.086120 9.490500 -0.083382 0.086131 0.992788 -1.392100 0.000000 0.000000 0.000000 1.000000
0.998018 0.014505 0.061228 -0.038100 -0.009964 0.997221 -0.073827 9.490500 -0.062129 0.073070 0.995390 -1.392100 0.000000 0.000000 0.000000 1.000000
0.998997 0.011774 0.043200 -0.038100 -0.008799 0.997618 -0.068422 9.490500 -0.043903 0.067974 0.996721 -1.392100 0.000000 0.000000 0.000000 1.000000
0.999740 0.008174 0.021287 -0.038100 -0.006688 0.997598 -0.068951 9.490500 -0.021799 0.068791 0.997393 -1.392100 0.000000 0.000000 0.000000 1.000000
0.999983 0.003008 -0.004995 -0.038100 -0.003355 0.997466 -0.071073 9.490500 0.004769 0.071088 0.997459 -1.392100 0.000000 0.000000 0.000000 1.000000
0.999540 -0.003414 -0.030125 -0.038100 0.001149 0.997193 -0.074863 9.490500 0.030296 0.074794 0.996739 -1.392100 0.000000 0.000000 0.000000 1.000000
0.998625 -0.011594 -0.051116 -0.038100 0.007460 0.996740 -0.080330 9.490500 0.051880 0.079838 0.995457 -1.392100 0.000000 0.000000 0.000000 1.000000
0.997309 -0.021469 -0.070094 -0.038100 0.015294 0.996050 -0.087471 9.490500 0.071695 0.086163 0.993698 -1.392100 0.000000 0.000000 0.000000 1.000000
0.995575 -0.032638 -0.088123 -0.038100 0.024101 0.995064 -0.096261 9.490500 0.090829 0.093711 0.991448 -1.392100 0.000000 0.000000 0.000000 1.000000
0.993874 -0.044177 -0.101309 -0.038100 0.033319 0.993758 -0.106467 9.490500 0.105380 0.102439 0.989142 -1.392100 0.000000 0.000000 0.000000 1.000000
0.991810 -0.055826 -0.114875 -0.038100 0.042163 0.992105 -0.118109 9.490500 0.120562 0.112298 0.986334 -1.392100 0.000000 0.000000 0.000000 1.000000
0.989945 -0.066055 -0.125086 -0.038100 0.049413 0.990049 -0.131765 9.490500 0.132545 0.124260 0.983357 -1.392100 0.000000 0.000000 0.000000 1.000000
0.988991 -0.073499 -0.128434 -0.038100 0.053669 0.986991 -0.151553 9.490500 0.137902 0.142992 0.980070 -1.392100 0.000000 0.000000 0.000000 1.000000
0.989059 -0.075801 -0.126554 -0.038100 0.052983 0.983176 -0.174807 9.490500 0.137675 0.166190 0.976436 -1.392100 0.000000 0.000000 0.000000 1.000000
0.989629 -0.075000 -0.122512 -0.038100 0.049730 0.979015 -0.197627 9.490500 0.134763 0.189485 0.972592 -1.392100 0.000000 0.000000 0.000000 1.000000
0.990610 -0.078034 -0.112262 -0.038100 0.051947 0.974364 -0.218898 9.490500 0.126466 0.211011 0.969268 -1.392100 0.000000 0.000000 0.000000 1.000000
0.992386 -0.074093 -0.098386 -0.038100 0.049407 0.971209 -0.233051 9.490500 0.112820 0.226415 0.967475 -1.392100 0.000000 0.000000 0.000000 1.000000
0.994561 -0.061509 -0.084050 -0.038100 0.039979 0.970626 -0.237249 9.490500 0.096174 0.232599 0.967806 -1.392100 0.000000 0.000000 0.000000 1.000000
0.996554 -0.044150 -0.070223 -0.038100 0.026724 0.972333 -0.232065 9.490500 0.078526 0.229388 0.970162 -1.392100 0.000000 0.000000 0.000000 1.000000
0.998011 -0.026285 -0.057307 -0.038100 0.012951 0.975035 -0.221673 9.490500 0.061703 0.220490 0.973436 -1.392100 0.000000 0.000000 0.000000 1.000000
0.998922 -0.012158 -0.044794 -0.038100 0.002553 0.978012 -0.208533 9.490500 0.046344 0.208194 0.976989 -1.392100 0.000000 0.000000 0.000000 1.000000
0.999443 -0.005220 -0.032966 -0.038100 -0.001306 0.980823 -0.194898 9.490500 0.033351 0.194833 0.980269 -1.392100 0.000000 0.000000 0.000000 1.000000</float_array><technique_common><accessor source="#mixamorig_Spine-Matrix-animation-output-transform-array" count="61" stride="16"><param type="float4x4"/></accessor></technique_common></source><source id="mixamorig_Spine-Interpolations"><Name_array id="mixamorig_Spine-Interpolations-array" count="61">
 LINEAR LINEAR LINEAR LINEAR LINEAR LINEAR LINEAR LINEAR LINEAR LINEAR LINEAR
LINEAR LINEAR LINEAR LINEAR LINEAR LINEAR LINEAR LINEAR LINEAR LINEAR LINEAR LINEAR
LINEAR LINEAR LINEAR LINEAR LINEAR LINEAR LINEAR LINEAR LINEAR LINEAR LINEAR LINEAR
LINEAR LINEAR LINEAR LINEAR LINEAR LINEAR LINEAR LINEAR LINEAR LINEAR LINEAR LINEAR
LINEAR LINEAR LINEAR LINEAR LINEAR LINEAR LINEAR LINEAR LINEAR LINEAR LINEAR LINEAR
LINEAR LINEAR</Name_array><technique_common><accessor source="#mixamorig_Spine-Interpolations-array" count="61"><param type="name"/></accessor></technique_common></source><sampler id="mixamorig_Spine-Matrix-animation-transform"><input semantic="INPUT" source="#mixamorig_Spine-Matrix-animation-input"/><input semantic="OUTPUT" source="#mixamorig_Spine-Matrix-animation-output-transform"/><input semantic="INTERPOLATION" source="#mixamorig_Spine-Interpolations"/></sampler><channel source="#mixamorig_Spine-Matrix-animation-transform" target="mixamorig_Spine/matrix"/></animation>
    <animation id="mixamorig_Spine1-anim" name="mixamorig_Spine1"><source id="mixamorig_Spine1-Matrix-animation-input"><float_array id="mixamorig_Spine1-Matrix-animation-input-array" count="61">

0.000000 0.033333 0.066667 0.100000 0.133333 0.166667 0.200000 0.233333 0.266667 0.300000 0.333333 0.366667 0.400000 0.433333 0.466667 0.500000
0.533333 0.566667 0.600000 0.633333 0.666667 0.700000 0.733333 0.766667 0.800000 0.833333 0.866667 0.900000 0.933333 0.966667 1.000000 1.033333
1.066667 1.100000 1.133333 1.166667 1.200000 1.233333 1.266667 1.300000 1.333333 1.366667 1.400000 1.433333 1.466667 1.500000 1.533333 1.566667
1.600000 1.633333 1.666667 1.700000 1.733333 1.766667 1.800000 1.833333 1.866667 1.900000 1.933333 1.966667 2.000000</float_array><technique_common><accessor source="#mixamorig_Spine1-Matrix-animation-input-array" count="61"><param name="TIME" type="float"/></accessor></technique_common></source><source id="mixamorig_Spine1-Matrix-animation-output-transform"><float_array id="mixamorig_Spine1-Matrix-animation-output-transform-array" count="976">

0.998882 0.018804 0.043380 -0.044200 -0.011584 0.986880 -0.161040 11.072300 -0.045839 0.160357 0.985994 -1.624100 0.000000 0.000000 0.000000 1.000000
0.998511 0.017366 0.051714 -0.044200 -0.008853 0.986997 -0.160497 11.072300 -0.053828 0.159801 0.985681 -1.624100 0.000000 0.000000 0.000000 1.000000
0.998133 0.014192 0.059400 -0.044200 -0.004578 0.987276 -0.158952 11.072300 -0.060900 0.158383 0.985498 -1.624100 0.000000 0.000000 0.000000 1.000000
0.997709 0.008449 0.067127 -0.044200 0.002171 0.987662 -0.156586 11.072300 -0.067622 0.156373 0.985380 -1.624100 0.000000 0.000000 0.000000 1.000000
0.997177 0.001704 0.075074 -0.044200 0.009886 0.988063 -0.153730 11.072300 -0.074440 0.154039 0.985257 -1.624100 0.000000 0.000000 0.000000 1.000000
0.996491 -0.008135 0.083309 -0.044200 0.020648 0.988401 -0.150458 11.072300 -0.081119 0.151650 0.985100 -1.624100 0.000000 0.000000 0.000000 1.000000
0.995583 -0.021479 0.091398 -0.044200 0.034817 0.988532 -0.146946 11.072300 -0.087194 0.149479 0.984913 -1.624100 0.000000 0.000000 0.000000 1.000000
0.994784 -0.029546 0.097628 -0.044200 0.043310 0.988914 -0.142034 11.072300 -0.092350 0.145521 0.985036 -1.624100 0.000000 0.000000 0.000000 1.000000
0.994527 -0.027417 0.100818 -0.044200 0.040611 0.990517 -0.131248 11.072300 -0.096264 0.134624 0.986210 -1.624100 0.000000 0.000000 0.000000 1.000000
0.994837 -0.019145 0.099662 -0.044200 0.030587 0.992943 -0.114580 11.072300 -0.096765 0.117037 0.988402 -1.624100 0.000000 0.000000 0.000000 1.000000
0.995866 -0.006479 0.090607 -0.044200 0.015086 0.995398 -0.094631 11.072300 -0.089577 0.095606 0.991381 -1.624100 0.000000 0.000000 0.000000 1.000000
0.996965 0.005121 0.077686 -0.044200 0.001126 0.996782 -0.080157 11.072300 -0.077847 0.080001 0.993750 -1.624100 0.000000 0.000000 0.000000 1.000000
0.997794 0.010946 0.065475 -0.044200 -0.006316 0.997491 -0.070513 11.072300 -0.066083 0.069944 0.995360 -1.624100 0.000000 0.000000 0.000000 1.000000
0.998725 0.016492 0.047703 -0.044200 -0.013247 0.997628 -0.067553 11.072300 -0.048703 0.066835 0.996575 -1.624100 0.000000 0.000000 0.000000 1.000000
0.999488 0.020004 0.024969 -0.044200 -0.018162 0.997245 -0.071914 11.072300 -0.026339 0.071424 0.997098 -1.624100 0.000000 0.000000 0.000000 1.000000
0.999784 0.020337 0.004309 -0.044200 -0.019926 0.996574 -0.080268 11.072300 -0.005926 0.080165 0.996764 -1.624100 0.000000 0.000000 0.000000 1.000000
0.999785 0.015608 -0.013681 -0.044200 -0.016764 0.995904 -0.088848 11.072300 0.012238 0.089058 0.995951 -1.624100 0.000000 0.000000 0.000000 1.000000
0.999454 0.007868 -0.032088 -0.044200 -0.010952 0.995216 -0.097080 11.072300 0.031171 0.097378 0.994759 -1.624100 0.000000 0.000000 0.000000 1.000000
0.999028 -0.001408 -0.044051 -0.044200 -0.003090 0.994793 -0.101866 11.072300 0.043965 0.101903 0.993822 -1.624100 0.000000 0.000000 0.000000 1.000000
0.998399 -0.014162 -0.054765 -0.044200 0.008378 0.994496 -0.104435 11.072300 0.055943 0.103809 0.993023 -1.624100 0.000000 0.000000 0.000000 1.000000
0.997592 -0.026492 -0.064095 -0.044200 0.019575 0.994149 -0.106233 11.072300 0.066534 0.104722 0.992273 -1.624100 0.000000 0.000000 0.000000 1.000000
0.996888 -0.038308 -0.068892 -0.044200 0.030740 0.993703 -0.107748 11.072300 0.072586 0.105295 0.991788 -1.624100 0.000000 0.000000 0.000000 1.000000
0.996589 -0.044770 -0.069319 -0.044200 0.037076 0.993398 -0.108559 11.072300 0.073721 0.105619 0.991670 -1.624100 0.000000 0.000000 0.000000 1.000000
0.996918 -0.035893 -0.069762 -0.044200 0.028203 0.993724 -0.108250 11.072300 0.073210 0.105949 0.991673 -1.624100 0.000000 0.000000 0.000000 1.000000
0.997303 -0.023939 -0.069381 -0.044200 0.016354 0.994028 -0.107895 11.072300 0.071549 0.106470 0.991738 -1.624100 0.000000 0.000000 0.000000 1.000000
0.997556 -0.017226 -0.067712 -0.044200 0.009815 0.994070 -0.108299 11.072300 0.069176 0.107370 0.991810 -1.624100 0.000000 0.000000 0.000000 1.000000
0.997777 -0.012454 -0.065465 -0.044200 0.005236 0.993996 -0.109293 11.072300 0.066433 0.108707 0.991851 -1.624100 0.000000 0.000000 0.000000 1.000000
0.997955 -0.011726 -0.062829 -0.044200 0.004698 0.993825 -0.110860 11.072300 0.063741 0.110338 0.991848 -1.624100 0.000000 0.000000 0.000000 1.000000
0.998157 -0.011122 -0.059649 -0.044200 0.004340 0.993627 -0.112631 11.072300 0.060521 0.112165 0.991845 -1.624100 0.000000 0.000000 0.000000 1.000000
0.998481 -0.010437 -0.054096 -0.044200 0.004181 0.993415 -0.114493 11.072300 0.054935 0.114092 0.991950 -1.624100 0.000000 0.000000 0.000000 1.000000
0.998809 -0.009794 -0.047798 -0.044200 0.004172 0.993200 -0.116347 11.072300 0.048612 0.116009 0.992058 -1.624100 0.000000 0.000000 0.000000 1.000000
0.999162 -0.009125 -0.039910 -0.044200 0.004351 0.992994 -0.118087 11.072300 0.040708 0.117814 0.992201 -1.624100 0.000000 0.000000 0.000000 1.000000
0.999500 -0.008353 -0.030506 -0.044200 0.004647 0.992811 -0.119603 11.072300 0.031286 0.119402 0.992353 -1.624100 0.000000 0.000000 0.000000 1.000000
0.999757 -0.006887 -0.020959 -0.044200 0.004306 0.992670 -0.120783 11.072300 0.021637 0.120663 0.992458 -1.624100 0.000000 0.000000 0.000000 1.000000
0.999941 -0.001483 -0.010762 -0.044200 0.000164 0.992591 -0.121506 11.072300 0.010862 0.121497 0.992532 -1.624100 0.000000 0.000000 0.000000 1.000000
0.999948 0.010129 -0.000638 -0.044200 -0.010131 0.992503 -0.121796 11.072300 -0.000601 0.121797 0.992555 -1.624100 0.000000 0.000000 0.000000 1.000000
0.999743 0.020600 0.009493 -0.044200 -0.019319 0.992644 -0.119516 11.072300 -0.011886 0.119302 0.992787 -1.624100 0.000000 0.000000 0.000000 1.000000
0.999547 0.022743 0.019702 -0.044200 -0.020527 0.994134 -0.106186 11.072300 -0.022001 0.105733 0.994151 -1.624100 0.000000 0.000000 0.000000 1.000000
0.999420 0.017342 0.029305 -0.044200 -0.014644 0.995843 -0.089904 11.072300 -0.030743 0.089423 0.995519 -1.624100 0.000000 0.000000 0.000000 1.000000
0.999242 0.012291 0.036940 -0.044200 -0.009542 0.997236 -0.073681 11.072300 -0.037744 0.073273 0.996597 -1.624100 0.000000 0.000000 0.000000 1.000000
0.999061 0.016736 0.039951 -0.044200 -0.014286 0.998045 -0.060844 11.072300 -0.040891 0.060216 0.997347 -1.624100 0.000000 0.000000 0.000000 1.000000
0.999173 0.025860 0.031363 -0.044200 -0.024140 0.998248 -0.054012 11.072300 -0.032705 0.053211 0.998048 -1.624100 0.000000 0.000000 0.000000 1.000000
0.999367 0.032018 0.015475 -0.044200 -0.031132 0.998030 -0.054475 11.072300 -0.017189 0.053959 0.998395 -1.624100 0.000000 0.000000 0.000000 1.000000
0.999524 0.030371 -0.005408 -0.044200 -0.030639 0.997754 -0.059563 11.072300 0.003587 0.059700 0.998210 -1.624100 0.000000 0.000000 0.000000 1.000000
0.999386 0.027442 -0.021762 -0.044200 -0.028845 0.997334 -0.067027 11.072300 0.019864 0.067613 0.997514 -1.624100 0.000000 0.000000 0.000000 1.000000
0.999236 0.024568 -0.030403 -0.044200 -0.026813 0.996766 -0.075752 11.072300 0.028443 0.076510 0.996663 -1.624100 0.000000 0.000000 0.000000 1.000000
0.999060 0.020369 -0.038269 -0.044200 -0.023581 0.996063 -0.085460 11.072300 0.036377 0.086282 0.995606 -1.624100 0.000000 0.000000 0.000000 1.000000
0.998870 0.015354 -0.044976 -0.044200 -0.019640 0.995144 -0.096450 11.072300 0.043276 0.097225 0.994321 -1.624100 0.000000 0.000000 0.000000 1.000000
0.998683 0.010658 -0.050196 -0.044200 -0.016104 0.993869 -0.109383 11.072300 0.048722 0.110048 0.992731 -1.624100 0.000000 0.000000 0.000000 1.000000
0.998546 0.006458 -0.053515 -0.044200 -0.013037 0.992256 -0.123520 11.072300 0.052303 0.124038 0.990898 -1.624100 0.000000 0.000000 0.000000 1.000000
0.998505 0.003314 -0.054552 -0.044200 -0.010810 0.990416 -0.137691 11.072300 0.053573 0.138075 0.988972 -1.624100 0.000000 0.000000 0.000000 1.000000
0.998537 0.000991 -0.054062 -0.044200 -0.009063 0.988756 -0.149261 11.072300 0.053306 0.149533 0.987319 -1.624100 0.000000 0.000000 0.000000 1.000000
0.998626 -0.000158 -0.052395 -0.044200 -0.007908 0.988086 -0.153700 11.072300 0.051795 0.153903 0.986727 -1.624100 0.000000 0.000000 0.000000 1.000000
0.998824 0.000310 -0.048479 -0.044200 -0.007992 0.987351 -0.158346 11.072300 0.047817 0.158548 0.986193 -1.624100 0.000000 0.000000 0.000000 1.000000
0.999154 0.001347 -0.041099 -0.044200 -0.008022 0.986642 -0.162704 11.072300 0.040330 0.162896 0.985819 -1.624100 0.000000 0.000000 0.000000 1.000000
0.999578 0.003152 -0.028866 -0.044200 -0.007909 0.986057 -0.166217 11.072300 0.027940 0.166375 0.985667 -1.624100 0.000000 0.000000 0.000000 1.000000
0.999903 0.005704 -0.012740 -0.044200 -0.007767 0.985703 -0.168315 11.072300 0.011598 0.168397 0.985651 -1.624100 0.000000 0.000000 0.000000 1.000000
0.999945 0.009279 0.004816 -0.044200 -0.008335 0.985681 -0.168414 11.072300 -0.006310 0.168364 0.985705 -1.624100 0.000000 0.000000 0.000000 1.000000
0.999681 0.013448 0.021401 -0.044200 -0.009699 0.985988 -0.166537 11.072300 -0.023341 0.166276 0.985803 -1.624100 0.000000 0.000000 0.000000 1.000000
0.999272 0.016947 0.034167 -0.044200 -0.011131 0.986445 -0.163717 11.072300 -0.036478 0.163217 0.985916 -1.624100 0.000000 0.000000 0.000000 1.000000
0.998882 0.018804 0.043380 -0.044200 -0.011584 0.986880 -0.161040 11.072300 -0.045839 0.160357 0.985994 -1.624100 0.000000 0.000000 0.000000 1.000000</float_array><technique_common><accessor source="#mixamorig_Spine1-Matrix-animation-output-transform-array" count="61" stride="16"><param type="float4x4"/></accessor></technique_common></source><source id="mixamorig_Spine1-Interpolations"><Name_array id="mixamorig_Spine1-Interpolations-array" count="61">
 LINEAR LINEAR LINEAR LINEAR LINEAR LINEAR LINEAR LINEAR LINEAR LINEAR LINEAR
LINEAR LINEAR LINEAR LINEAR LINEAR LINEAR LINEAR LINEAR LINEAR LINEAR LINEAR LINEAR
LINEAR LINEAR LINEAR LINEAR LINEAR LINEAR LINEAR LINEAR LINEAR LINEAR LINEAR LINEAR
LINEAR LINEAR LINEAR LINEAR LINEAR LINEAR LINEAR LINEAR LINEAR LINEAR LINEAR LINEAR
LINEAR LINEAR LINEAR LINEAR LINEAR LINEAR LINEAR LINEAR LINEAR LINEAR LINEAR LINEAR
LINEAR LINEAR</Name_array><technique_common><accessor source="#mixamorig_Spine1-Interpolations-array" count="61"><param type="name"/></accessor></technique_common></source><sampler id="mixamorig_Spine1-Matrix-animation-transform"><input semantic="INPUT" source="#mixamorig_Spine1-Matrix-animation-input"/><input semantic="OUTPUT" source="#mixamorig_Spine1-Matrix-animation-output-transform"/><input semantic="INTERPOLATION" source="#mixamorig_Spine1-Interpolations"/></sampler><channel source="#mixamorig_Spine1-Matrix-animation-transform" target="mixamorig_Spine1/matrix"/></animation>
    <animation id="mixamorig_Spine2-anim" name="mixamorig_Spine2"><source id="mixamorig_Spine2-Matrix-animation-input"><float_array id="mixamorig_Spine2-Matrix-animation-input-array" count="61">

0.000000 0.033333 0.066667 0.100000 0.133333 0.166667 0.200000 0.233333 0.266667 0.300000 0.333333 0.366667 0.400000 0.433333 0.466667 0.500000
0.533333 0.566667 0.600000 0.633333 0.666667 0.700000 0.733333 0.766667 0.800000 0.833333 0.866667 0.900000 0.933333 0.966667 1.000000 1.033333
1.066667 1.100000 1.133333 1.166667 1.200000 1.233333 1.266667 1.300000 1.333333 1.366667 1.400000 1.433333 1.466667 1.500000 1.533333 1.566667
1.600000 1.633333 1.666667 1.700000 1.733333 1.766667 1.800000 1.833333 1.866667 1.900000 1.933333 1.966667 2.000000</float_array><technique_common><accessor source="#mixamorig_Spine2-Matrix-animation-input-array" count="61"><param name="TIME" type="float"/></accessor></technique_common></source><source id="mixamorig_Spine2-Matrix-animation-output-transform"><float_array id="mixamorig_Spine2-Matrix-animation-output-transform-array" count="976">

0.997548 0.066483 0.021869 -0.050500 -0.062043 0.984627 -0.163282 12.654000 -0.032388 0.161525 0.986337 -1.856100 0.000000 0.000000 0.000000 1.000000
0.997504 0.063651 0.030563 -0.050500 -0.057853 0.984923 -0.163035 12.654000 -0.040479 0.160860 0.986147 -1.856100 0.000000 0.000000 0.000000 1.000000
0.997778 0.052754 0.040700 -0.050500 -0.045536 0.985828 -0.161460 12.654000 -0.048640 0.159248 0.986040 -1.856100 0.000000 0.000000 0.000000 1.000000
0.997999 0.035188 0.052539 -0.050500 -0.026444 0.986970 -0.158716 12.654000 -0.057439 0.157009 0.985925 -1.856100 0.000000 0.000000 0.000000 1.000000
0.997747 0.014584 0.065484 -0.050500 -0.004260 0.987889 -0.155105 12.654000 -0.066953 0.154477 0.985725 -1.856100 0.000000 0.000000 0.000000 1.000000
0.996948 -0.003508 0.077992 -0.050500 0.015305 0.988389 -0.151174 12.654000 -0.076556 0.151906 0.985426 -1.856100 0.000000 0.000000 0.000000 1.000000
0.995921 -0.016675 0.088680 -0.050500 0.029686 0.988618 -0.147491 12.654000 -0.085211 0.149522 0.985080 -1.856100 0.000000 0.000000 0.000000 1.000000
0.994991 -0.025752 0.096592 -0.050500 0.039459 0.988965 -0.142797 12.654000 -0.091848 0.145893 0.985027 -1.856100 0.000000 0.000000 0.000000 1.000000
0.994630 -0.027020 0.099904 -0.050500 0.040142 0.990467 -0.131769 12.654000 -0.095391 0.135072 0.986233 -1.856100 0.000000 0.000000 0.000000 1.000000
0.994962 -0.020080 0.098222 -0.050500 0.031370 0.992895 -0.114789 12.654000 -0.095219 0.117291 0.988522 -1.856100 0.000000 0.000000 0.000000 1.000000
0.996030 -0.007723 0.088679 -0.050500 0.016156 0.995368 -0.094770 12.654000 -0.087536 0.095826 0.991542 -1.856100 0.000000 0.000000 0.000000 1.000000
0.997052 0.002649 0.076677 -0.050500 0.003510 0.996782 -0.080084 12.654000 -0.076643 0.080118 0.993835 -1.856100 0.000000 0.000000 0.000000 1.000000
0.997765 0.011072 0.065891 -0.050500 -0.006449 0.997528 -0.069977 12.654000 -0.066503 0.069395 0.995370 -1.856100 0.000000 0.000000 0.000000 1.000000
0.998690 0.017112 0.048221 -0.050500 -0.013860 0.997657 -0.066997 12.654000 -0.049255 0.066241 0.996587 -1.856100 0.000000 0.000000 0.000000 1.000000
0.999461 0.021146 0.025104 -0.050500 -0.019296 0.997232 -0.071799 12.654000 -0.026553 0.071276 0.997103 -1.856100 0.000000 0.000000 0.000000 1.000000
0.999784 0.020312 0.004349 -0.050500 -0.019898 0.996579 -0.080212 12.654000 -0.005963 0.080109 0.996768 -1.856100 0.000000 0.000000 0.000000 1.000000
0.999795 0.014475 -0.014160 -0.050500 -0.015676 0.995931 -0.088751 12.654000 0.012818 0.088954 0.995953 -1.856100 0.000000 0.000000 0.000000 1.000000
0.999449 0.007503 -0.032345 -0.050500 -0.010607 0.995238 -0.096899 12.654000 0.031464 0.097188 0.994769 -1.856100 0.000000 0.000000 0.000000 1.000000
0.999053 -0.001530 -0.043492 -0.050500 -0.002916 0.994784 -0.101958 12.654000 0.043421 0.101988 0.993837 -1.856100 0.000000 0.000000 0.000000 1.000000
0.998567 -0.013847 -0.051696 -0.050500 0.008332 0.994394 -0.105406 12.654000 0.052866 0.104824 0.993085 -1.856100 0.000000 0.000000 0.000000 1.000000
0.997914 -0.025934 -0.059115 -0.050500 0.019406 0.993913 -0.108443 12.654000 0.061568 0.107070 0.992343 -1.856100 0.000000 0.000000 0.000000 1.000000
0.997211 -0.037909 -0.064293 -0.050500 0.030648 0.993416 -0.110387 12.654000 0.068054 0.108108 0.991807 -1.856100 0.000000 0.000000 0.000000 1.000000
0.996970 -0.042792 -0.064959 -0.050500 0.035403 0.993199 -0.110914 12.654000 0.069263 0.108279 0.991705 -1.856100 0.000000 0.000000 0.000000 1.000000
0.997238 -0.033852 -0.066105 -0.050500 0.026412 0.993543 -0.110343 12.654000 0.069414 0.108292 0.991693 -1.856100 0.000000 0.000000 0.000000 1.000000
0.997505 -0.021906 -0.067104 -0.050500 0.014443 0.993854 -0.109753 12.654000 0.069096 0.108510 0.991691 -1.856100 0.000000 0.000000 0.000000 1.000000
0.997726 -0.015021 -0.065704 -0.050500 0.007714 0.993892 -0.110088 12.654000 0.066956 0.109331 0.991748 -1.856100 0.000000 0.000000 0.000000 1.000000
